5.000000000000000000e-01 1.513641605360571340e-05
9.508754377188594065e-01 5.474321526651725902e-05
1.401750875437718813e+00 1.189665029725494460e-04
1.852626313156578330e+00 2.078062614355275189e-04
2.303501750875437626e+00 3.212624459332520232e-04
2.754377188594296921e+00 4.593349652772789967e-04
3.205252626313156661e+00 6.220236569352547611e-04
3.656128064032015956e+00 8.093282567562425697e-04
4.107003501750875252e+00 1.021248363299816653e-03
4.557878939469734547e+00 1.257783396770162680e-03
5.008754377188593843e+00 1.518932552557068858e-03
5.459629814907453138e+00 1.804694749386506975e-03
5.910505252626313322e+00 2.115068572084556273e-03
6.361380690345172617e+00 2.450052208959680594e-03
6.812256128064031913e+00 2.809643383809932744e-03
7.263131565782891208e+00 3.193839282563460009e-03
7.714007003501750503e+00 3.602636474562855365e-03
8.164882441220608911e+00 4.036030828506353280e-03
8.615757878939469094e+00 4.494017423061694508e-03
9.066633316658329278e+00 4.976590452171742243e-03
9.517508754377187685e+00 5.483743125074509901e-03
9.968384192096047869e+00 6.015467561064346928e-03
1.041925962981490628e+01 6.571754679025514599e-03
1.087013506753376646e+01 7.152594081774375431e-03
1.132101050525262664e+01 7.757973935251859070e-03
1.177188594297148505e+01 8.387880842613911272e-03
1.222276138069034523e+01 9.042299713274091003e-03
1.267363681840920364e+01 9.721213626959525345e-03
1.312451225612806383e+01 1.042460369284918878e-02
1.357538769384692223e+01 1.115244890387150772e-02
1.402626313156578242e+01 1.190472598624724675e-02
1.447713856928464082e+01 1.268140924437294141e-02
1.492801400700350101e+01 1.348247040115026739e-02
1.537888944472236119e+01 1.430787843387723579e-02
1.582976488244121960e+01 1.515759940582859025e-02
1.628064032016008156e+01 1.603159629366448721e-02
1.673151575787893819e+01 1.692982881081912805e-02
1.718239119559779837e+01 1.785225322703436202e-02
1.763326663331665856e+01 1.879882218421665210e-02
1.808414207103551519e+01 1.976948450881061553e-02
1.853501750875437537e+01 2.076418502089707324e-02
1.898589294647323555e+01 2.178286434023898877e-02
1.943676838419209574e+01 2.282545868951520174e-02
1.988764382191095592e+01 2.389189969499794577e-02
2.033851925962981255e+01 2.498211418494761596e-02
2.078939469734867274e+01 2.609602398601564358e-02
2.124027013506753292e+01 2.723354571796433518e-02
2.169114557278639310e+01 2.839459058703083447e-02
2.214202101050525329e+01 2.957906417828103790e-02
2.259289644822410992e+01 3.078686624731798507e-02
2.304377188594297010e+01 3.201789051172857642e-02
2.349464732366183028e+01 3.327202444267116782e-02
2.394552276138069047e+01 3.454914905702628769e-02
2.439639819909954710e+01 3.584913871055125240e-02
2.484727363681840728e+01 3.717186089249887443e-02
2.529814907453726747e+01 3.851717602217868963e-02
2.574902451225612765e+01 3.988493724795787870e-02
2.619989994997498783e+01 4.127499024921654075e-02
2.665077538769384446e+01 4.268717304178944877e-02
2.710165082541270465e+01 4.412131578744303562e-02
2.755252626313156483e+01 4.557724060794948046e-02
2.800340170085042502e+01 4.705476140401337187e-02
2.845427713856928165e+01 4.855368362781229546e-02
2.890515257628814183e+01 5.007379573881279300e-02
2.935602801400700201e+01 5.161353557912452816e-02
2.980690345172586220e+01 5.297974121318700658e-02
3.025777888944472238e+01 5.307881117303354240e-02
3.070865432716357901e+01 5.446967594259752993e-02
3.115952976488243920e+01 5.594932178462486833e-02
3.161040520260129938e+01 5.744305320828073380e-02
3.206128064032016312e+01 5.895019515889136918e-02
3.251215607803901975e+01 6.047068403078063176e-02
3.296303151575787638e+01 6.200451023486289875e-02
3.341390695347674011e+01 6.355172092983335519e-02
3.386478239119559674e+01 6.511243756000247018e-02
3.431565782891445338e+01 6.668691500179119158e-02
3.476653326663331711e+01 6.827575652697580322e-02
3.521740870435217374e+01 6.988069236403224305e-02
3.566828414207103037e+01 7.150724455750730180e-02
3.611915957978989411e+01 7.317218218183893508e-02
3.657003501750875074e+01 7.490992395681929372e-02
3.702091045522761448e+01 7.671169004517498780e-02
3.747178589294647111e+01 7.842268621518015681e-02
3.792266133066532774e+01 7.986976311819415919e-02
3.837353676838419148e+01 8.076387510898704047e-02
3.882441220610304811e+01 8.065597397053889117e-02
3.927528764382191184e+01 8.000275591828577559e-02
3.972616308154076847e+01 7.999852601912038619e-02
4.017703851925962510e+01 8.071427185334621723e-02
4.062791395697848884e+01 8.170233998247883322e-02
4.107878939469734547e+01 8.256460274635366026e-02
4.152966483241620921e+01 8.284006700877645513e-02
4.198054027013506584e+01 8.254481188405718428e-02
4.243141570785392247e+01 8.220543231897312064e-02
4.288229114557278621e+01 8.208124678714497080e-02
4.333316658329164284e+01 8.247082695521321116e-02
4.378404202101050657e+01 8.375904125242049358e-02
4.423491745872936320e+01 8.618423797510747775e-02
4.468579289644821984e+01 8.960245674765940360e-02
4.513666833416708357e+01 9.326122449947726878e-02
4.558754377188594020e+01 9.621674798037782583e-02
4.603841920960479683e+01 9.828037763120814341e-02
4.648929464732366057e+01 9.988468905694199151e-02
4.694017008504251720e+01 1.011969399153330729e-01
4.739104552276138094e+01 1.016165775594312370e-01
4.784192096048023757e+01 9.999342025076989049e-02
4.829279639819909420e+01 9.577637123643208128e-02
4.874367183591795794e+01 9.095017986778956842e-02
4.919454727363681457e+01 8.940443685201650281e-02
4.964542271135567830e+01 9.269530983355935005e-02
5.009629814907453493e+01 9.881641617014975953e-02
5.054717358679339156e+01 1.045673529118977124e-01
5.099804902451225530e+01 1.079715574541347811e-01
5.144892446223111193e+01 1.090011509105861393e-01
5.189979989994997567e+01 1.087290388957492804e-01
5.235067533766883230e+01 1.081234952668160831e-01
5.280155077538768893e+01 1.075343350760468164e-01
5.325242621310655267e+01 1.071578358774607220e-01
5.370330165082540930e+01 1.074088161727015933e-01
5.415417708854426593e+01 1.086225418479158794e-01
5.460505252626312966e+01 1.107626229167026216e-01
5.505592796398198630e+01 1.133976712057690461e-01
5.550680340170085003e+01 1.157414156713456738e-01
5.595767883941970666e+01 1.170765991455545857e-01
5.640855427713856329e+01 1.174946384463263355e-01
5.685942971485742703e+01 1.177009479366516592e-01
5.731030515257628366e+01 1.182317879191622512e-01
5.776118059029514740e+01 1.190064603489034006e-01
5.821205602801400403e+01 1.193171896018686284e-01
5.866293146573286066e+01 1.184800814220564741e-01
5.911380690345172439e+01 1.170693433476019257e-01
5.956468234117058103e+01 1.173609724887778177e-01
6.001555777888944476e+01 1.209363070686393371e-01
6.046643321660830139e+01 1.262366178915282910e-01
6.091730865432715802e+01 1.304383925446039871e-01
6.136818409204602176e+01 1.321353779823484509e-01
6.181905952976487839e+01 1.315384185219476976e-01
6.226993496748374213e+01 1.295717020163950350e-01
6.272081040520259876e+01 1.271806481237938991e-01
6.317168584292145539e+01 1.252756560177304690e-01
6.362256128064031913e+01 1.243841975080988566e-01
6.407343671835917576e+01 1.239824660731413397e-01
6.452431215607803949e+01 1.230920834315901435e-01
6.497518759379688902e+01 1.212185201274856711e-01
6.542606303151575275e+01 1.188210586583329786e-01
6.587693846923461649e+01 1.171267985356189839e-01
6.632781390695348023e+01 1.169738839516371309e-01
6.677868934467232975e+01 1.181361317372353614e-01
6.722956478239119349e+01 1.203084130247911443e-01
6.768044022011005723e+01 1.238159098833093441e-01
6.813131565782890675e+01 1.286609834704604549e-01
6.858219109554777049e+01 1.330603223138878966e-01
6.903306653326663422e+01 1.339262251623591915e-01
6.948394197098548375e+01 1.299367694986539590e-01
6.993481740870434749e+01 1.229930634255938099e-01
7.038569284642321122e+01 1.163008043391366847e-01
7.083656828414206075e+01 1.126213043897491134e-01
7.128744372186092448e+01 1.133215615084498251e-01
7.173831915957978822e+01 1.174572814473946875e-01
7.218919459729865196e+01 1.223623685568966529e-01
7.264007003501750148e+01 1.258522491841834734e-01
7.309094547273636522e+01 1.274477077623493437e-01
7.354182091045522895e+01 1.277759461366039517e-01
7.399269634817407848e+01 1.276565464371148262e-01
7.444357178589294222e+01 1.277191040829922242e-01
7.489444722361180595e+01 1.283630257935558516e-01
7.534532266133065548e+01 1.299005086940815956e-01
7.579619809904951921e+01 1.326124894047508995e-01
7.624707353676838295e+01 1.363538460011888831e-01
7.669794897448724669e+01 1.398140619629040793e-01
7.714882441220609621e+01 1.402067812152783810e-01
7.759969984992495995e+01 1.344235108674965429e-01
7.805057528764382369e+01 1.230459434639555732e-01
7.850145072536267321e+01 1.124521753494313325e-01
7.895232616308153695e+01 1.072071520201378220e-01
7.940320160080040068e+01 1.066637040672993170e-01
7.985407703851925021e+01 1.086697749965157139e-01
8.030495247623811395e+01 1.110646543470286129e-01
8.075582791395697768e+01 1.113897064071133619e-01
8.120670335167582721e+01 1.077154260467113878e-01
8.165757878939469094e+01 1.009330559875364908e-01
8.210845422711355468e+01 9.479700748297076318e-02
8.255932966483241842e+01 9.258256711875222089e-02
8.301020510255126794e+01 9.474715851764457797e-02
8.346108054027013168e+01 9.920826649251862639e-02
8.391195597798899541e+01 1.022852795450173435e-01
8.436283141570784494e+01 1.017838575322549399e-01
8.481370685342670868e+01 1.008364984444464624e-01
8.526458229114557241e+01 1.038214447907305632e-01
8.571545772886442194e+01 1.119788731358940942e-01
8.616633316658328567e+01 1.238835659786854393e-01
8.661720860430214941e+01 1.361830018880661741e-01
8.706808404202101315e+01 1.453326374289826972e-01
8.751895947973986267e+01 1.497506780248519243e-01
8.796983491745872641e+01 1.497141100984091810e-01
8.842071035517759015e+01 1.467382038472725414e-01
8.887158579289643967e+01 1.435354107089471531e-01
8.932246123061530341e+01 1.422408340000746174e-01
8.977333666833416714e+01 1.428980239344960490e-01
9.022421210605301667e+01 1.443517476021571044e-01
9.067508754377188041e+01 1.452840849157706893e-01
9.112596298149074414e+01 1.445690384377386895e-01
9.157683841920959367e+01 1.416620788062811498e-01
9.202771385692845740e+01 1.371232482830197219e-01
9.247858929464732114e+01 1.327266775832365020e-01
9.292946473236618488e+01 1.305882945983160293e-01
9.338034017008503440e+01 1.315890230234854352e-01
9.383121560780389814e+01 1.342546730417419065e-01
9.428209104552276187e+01 1.350560493510394589e-01
9.473296648324161140e+01 1.310376322575682040e-01
9.518384192096047514e+01 1.238784175982615421e-01
9.563471735867933887e+01 1.185301230015839563e-01
9.608559279639818840e+01 1.162219136558661214e-01
9.653646823411705213e+01 1.136214121094347163e-01
9.698734367183591587e+01 1.070917839436293928e-01
9.743821910955476540e+01 9.703521108169622933e-02
9.788909454727362913e+01 8.795809946150064118e-02
9.833996998499249287e+01 8.285210638679725570e-02
9.879084542271135660e+01 8.113175506226798228e-02
9.924172086043020613e+01 8.133014348540014427e-02
9.969259629814906987e+01 8.341749615772152404e-02
1.001434717358679336e+02 8.916414589895338416e-02
1.005943471735867831e+02 1.005945765853829693e-01
1.010452226113056469e+02 1.166369361988415093e-01
1.014960980490245106e+02 1.313868766245707143e-01
1.019469734867433601e+02 1.398835336248716865e-01
1.023978489244622239e+02 1.426001160085386132e-01
1.028487243621810876e+02 1.420760864198522266e-01
1.032995997998999513e+02 1.401739747979822148e-01
1.037504752376188009e+02 1.378867977512321652e-01
1.042013506753376646e+02 1.354271630938080062e-01
1.046522261130565283e+02 1.328181527755832869e-01
1.051031015507753779e+02 1.307444156596997142e-01
1.055539769884942416e+02 1.301507697166027488e-01
1.060048524262131053e+02 1.314844833324927131e-01
1.064557278639319549e+02 1.346011970900345966e-01
1.069066033016508186e+02 1.383161378870992608e-01
1.073574787393696823e+02 1.395311915356976240e-01
1.078083541770885319e+02 1.351468476883736503e-01
1.082592296148073956e+02 1.261782894578816761e-01
1.087101050525262593e+02 1.163927060327233087e-01
1.091609804902451231e+02 1.083693330231167429e-01
1.096118559279639726e+02 1.027346371363022093e-01
1.100627313656828363e+02 9.904181484818824766e-02
1.105136068034017001e+02 9.661960656286597282e-02
1.109644822411205496e+02 9.526037747790677690e-02
1.114153576788394133e+02 9.541680578295262671e-02
1.118662331165582771e+02 9.770787163538192932e-02
1.123171085542771266e+02 1.023498724832000162e-01
1.127679839919959903e+02 1.088955665472055440e-01
1.132188594297148541e+02 1.164149422571798126e-01
1.136697348674337178e+02 1.239366155533129371e-01
1.141206103051525673e+02 1.306271012129701925e-01
1.145714857428714311e+02 1.358678606110789999e-01
1.150223611805902948e+02 1.395440782883552722e-01
1.154732366183091443e+02 1.420290681164442514e-01
1.159241120560280081e+02 1.438537854801560101e-01
1.163749874937468718e+02 1.455595081215193820e-01
1.168258629314657213e+02 1.475154022988351132e-01
1.172767383691845851e+02 1.494878623091483172e-01
1.177276138069034488e+02 1.502408308976593276e-01
1.181784892446222983e+02 1.478461062520509406e-01
1.186293646823411621e+02 1.406173907410676327e-01
1.190802401200600258e+02 1.276605247913178975e-01
1.195311155577788895e+02 1.105270820875573629e-01
1.199819909954977390e+02 9.448002648671507964e-02
1.204328664332166028e+02 8.457542819845952076e-02
1.208837418709354665e+02 8.182670667052178992e-02
1.213346173086543160e+02 8.474864997009301515e-02
1.217854927463731798e+02 9.171325982563909018e-02
1.222363681840920435e+02 1.014861645978566568e-01
1.226872436218108930e+02 1.127623779825694811e-01
1.231381190595297568e+02 1.236317175238820926e-01
1.235889944972486205e+02 1.316124389682096496e-01
1.240398699349674843e+02 1.344505844556943830e-01
1.244907453726863338e+02 1.317468636071488508e-01
1.249416208104051975e+02 1.262136389762431865e-01
1.253924962481240613e+02 1.219239437379310703e-01
1.258433716858429108e+02 1.209706797076759016e-01
1.262942471235617745e+02 1.226824499782211697e-01
1.267451225612806383e+02 1.255279000432590331e-01
1.271959979989994878e+02 1.287234641267550050e-01
1.276468734367183515e+02 1.318204882009042789e-01
1.280977488744372295e+02 1.336453348203791025e-01
1.285486243121560790e+02 1.332953448698170340e-01
1.289994997498749285e+02 1.320414018346945662e-01
1.294503751875937780e+02 1.320473324656185332e-01
1.299012506253126560e+02 1.343515407734220124e-01
1.303521260630315055e+02 1.386615731052458222e-01
1.308030015007503550e+02 1.437976588027533864e-01
1.312538769384692330e+02 1.479739310489943671e-01
1.317047523761880825e+02 1.493050645245795338e-01
1.321556278139069605e+02 1.466266526878013121e-01
1.326065032516258100e+02 1.399220083654420521e-01
1.330573786893446595e+02 1.303228314767032603e-01
1.335082541270635375e+02 1.196164656418960970e-01
1.339591295647823870e+02 1.099191482134209974e-01
1.344100050025012365e+02 1.037606166596338197e-01
1.348608804402201145e+02 1.034197974760298899e-01
1.353117558779389640e+02 1.093203911432242131e-01
1.357626313156578135e+02 1.185091530269880428e-01
1.362135067533766914e+02 1.257746571767417720e-01
1.366643821910955410e+02 1.282971112947821346e-01
1.371152576288143905e+02 1.279323811766936714e-01
1.375661330665332684e+02 1.283079472354551887e-01
1.380170085042521180e+02 1.319368962171423298e-01
1.384678839419709675e+02 1.390726975142913824e-01
1.389187593796898454e+02 1.472253496115883131e-01
1.393696348174086950e+02 1.521188435910101888e-01
1.398205102551275445e+02 1.486019666646757886e-01
1.402713856928464224e+02 1.330404760317710766e-01
1.407222611305652720e+02 1.128442720699957269e-01
1.411731365682841215e+02 1.011256602874519989e-01
1.416240120060029994e+02 9.953685188659751326e-02
1.420748874437218490e+02 1.041059960341492452e-01
1.425257628814407269e+02 1.121677520865307781e-01
1.429766383191595764e+02 1.220343998642101635e-01
1.434275137568784260e+02 1.320628831480279708e-01
1.438783891945973039e+02 1.405558195488249840e-01
1.443292646323161534e+02 1.450220712215555263e-01
1.447801400700350030e+02 1.424472725099146797e-01
1.452310155077538809e+02 1.335652285371156378e-01
1.456818909454727304e+02 1.236953857092918940e-01
1.461327663831915800e+02 1.171195850860996673e-01
1.465836418209104579e+02 1.148493095401000863e-01
1.470345172586293074e+02 1.161154360017931514e-01
1.474853926963481570e+02 1.194865621129376915e-01
1.479362681340670349e+02 1.231484905815117409e-01
1.483871435717858844e+02 1.249964578035951124e-01
1.488380190095047340e+02 1.231763387764374662e-01
1.492888944472236119e+02 1.174125500074600509e-01
1.497397698849424614e+02 1.101127879675197624e-01
1.501906453226613110e+02 1.050661000919998062e-01
1.506415207603801889e+02 1.046493205128951332e-01
1.510923961980990384e+02 1.098870578678082383e-01
1.515432716358178880e+02 1.214994347882064618e-01
1.519941470735367659e+02 1.379324321368985695e-01
1.524450225112556154e+02 1.527026282872909757e-01
1.528958979489744934e+02 1.595633669283989808e-01
1.533467733866933429e+02 1.599053422266139557e-01
1.537976488244121924e+02 1.582263524375275565e-01
1.542485242621310704e+02 1.558333809792878943e-01
1.546993996998499199e+02 1.516908464744981533e-01
1.551502751375687694e+02 1.470635959943862592e-01
1.556011505752876474e+02 1.450905684034142495e-01
1.560520260130064969e+02 1.465821216346840372e-01
1.565029014507253464e+02 1.504449161009279445e-01
1.569537768884442244e+02 1.551958530610325626e-01
1.574046523261630739e+02 1.589297382091795774e-01
1.578555277638819234e+02 1.593169292980374518e-01
1.583064032016008014e+02 1.559186860606670555e-01
1.587572786393196509e+02 1.507673673568961092e-01
1.592081540770385004e+02 1.444235674371334710e-01
1.596590295147573784e+02 1.366091425258269543e-01
1.601099049524762279e+02 1.295146139113805273e-01
1.605607803901950774e+02 1.263697607771762654e-01
1.610116558279139554e+02 1.277813586657579326e-01
1.614625312656328049e+02 1.323474240999939489e-01
1.619134067033516544e+02 1.384387585632133322e-01
1.623642821410705324e+02 1.438546479158304137e-01
1.628151575787893819e+02 1.447056054702370587e-01
1.632660330165082598e+02 1.387410214144416398e-01
1.637169084542271094e+02 1.303075556218811215e-01
1.641677838919459589e+02 1.250306292315312151e-01
1.646186593296648368e+02 1.250675700872336260e-01
1.650695347673836864e+02 1.301384005344326245e-01
1.655204102051025359e+02 1.389229958384355090e-01
1.659712856428214138e+02 1.496288565687491912e-01
1.664221610805402634e+02 1.596257811450052244e-01
1.668730365182591129e+02 1.646534489469739793e-01
1.673239119559779908e+02 1.615994509940010260e-01
1.677747873936968404e+02 1.546499301389333558e-01
1.682256628314156899e+02 1.509387351356503704e-01
1.686765382691345678e+02 1.521194385465766963e-01
1.691274137068534174e+02 1.552975470804929536e-01
1.695782891445722669e+02 1.567358488659410243e-01
1.700291645822911448e+02 1.545139016912864816e-01
1.704800400200099944e+02 1.496986758108485582e-01
1.709309154577288439e+02 1.445304266035378205e-01
1.713817908954477218e+02 1.393095722242450318e-01
1.718326663331665713e+02 1.320200323798377262e-01
1.722835417708854209e+02 1.221567938171956441e-01
1.727344172086042988e+02 1.130229007685871895e-01
1.731852926463231483e+02 1.076420124091298780e-01
1.736361680840420263e+02 1.067018542761587752e-01
1.740870435217608758e+02 1.098015386663910853e-01
1.745379189594797253e+02 1.153823203571571754e-01
1.749887943971986033e+02 1.202310115779263444e-01
1.754396698349174528e+02 1.228799948545933607e-01
1.758905452726363023e+02 1.255518879850945901e-01
1.763414207103551803e+02 1.302901728544541837e-01
1.767922961480740298e+02 1.370180590166014678e-01
1.772431715857928793e+02 1.432576245987083330e-01
1.776940470235117573e+02 1.447981539641596260e-01
1.781449224612306068e+02 1.407169176351149853e-01
1.785957978989494563e+02 1.356672618508888983e-01
1.790466733366683343e+02 1.339521845825628055e-01
1.794975487743871838e+02 1.364950533031039359e-01
1.799484242121060333e+02 1.413971426413022925e-01
1.803992996498249113e+02 1.457088166750446501e-01
1.808501750875437608e+02 1.482283093253273509e-01
1.813010505252626103e+02 1.494174790617527893e-01
1.817519259629814883e+02 1.501323986768905439e-01
1.822028014007003378e+02 1.515987165884364329e-01
1.826536768384191873e+02 1.552027533049674946e-01
1.831045522761380653e+02 1.609878539885940540e-01
1.835554277138569148e+02 1.663157963897916036e-01
1.840063031515757643e+02 1.678872407804765932e-01
1.844571785892946423e+02 1.635266485959266103e-01
1.849080540270134918e+02 1.512064649930307259e-01
1.853589294647323698e+02 1.327568101990899141e-01
1.858098049024512193e+02 1.167864587528037318e-01
1.862606803401700688e+02 1.082508053567111800e-01
1.867115557778889467e+02 1.051900467475504752e-01
1.871624312156077963e+02 1.044669560687811471e-01
1.876133066533266458e+02 1.041755452109123514e-01
1.880641820910455237e+02 1.040575072090527686e-01
1.885150575287643733e+02 1.052984970556786470e-01
1.889659329664832228e+02 1.095944341354572749e-01
1.894168084042021007e+02 1.177234383012668306e-01
1.898676838419209503e+02 1.274878682351658910e-01
1.903185592796397998e+02 1.342208081129738495e-01
1.907694347173586777e+02 1.364585032678427290e-01
1.912203101550775273e+02 1.363648263556569984e-01
1.916711855927963768e+02 1.353160086982236610e-01
1.921220610305152547e+02 1.329064971993685895e-01
1.925729364682341043e+02 1.277673429554435081e-01
1.930238119059529538e+02 1.193252032470275142e-01
1.934746873436718317e+02 1.109171453085817521e-01
1.939255627813906813e+02 1.066866621677632909e-01
1.943764382191095308e+02 1.061754427806172324e-01
1.948273136568284087e+02 1.078683323123200699e-01
1.952781890945472583e+02 1.116466050368895013e-01
1.957290645322661362e+02 1.178110450589860275e-01
1.961799399699849857e+02 1.257511981860760797e-01
1.966308154077038353e+02 1.336555487517870622e-01
1.970816908454227132e+02 1.400385011956272741e-01
1.975325662831415627e+02 1.455671081235455078e-01
1.979834417208604123e+02 1.512943418961685271e-01
1.984343171585792902e+02 1.548369259269181397e-01
1.988851925962981397e+02 1.525187225547424696e-01
1.993360680340169893e+02 1.441106985944957675e-01
1.997869434717358672e+02 1.328840987532736162e-01
2.002378189094547167e+02 1.225234955116069890e-01
2.006886943471735663e+02 1.146453986954682203e-01
2.011395697848924442e+02 1.092110094968248984e-01
2.015904452226112937e+02 1.058951154258567923e-01
2.020413206603301433e+02 1.044022646137060389e-01
2.024921960980490212e+02 1.040922167224812844e-01
2.029430715357678707e+02 1.041239931641443905e-01
2.033939469734867203e+02 1.043536234957261472e-01
2.038448224112055982e+02 1.052669299632654487e-01
2.042956978489244477e+02 1.072901144326659645e-01
2.047465732866432973e+02 1.105772947393439815e-01
2.051974487243621752e+02 1.146334128864738844e-01
2.056483241620810247e+02 1.174461671231685489e-01
2.060991995997999027e+02 1.154595084768812036e-01
2.065500750375187522e+02 1.073979045282396905e-01
2.070009504752376017e+02 9.851829276710953598e-02
2.074518259129564797e+02 9.507834977203141746e-02
2.079027013506753292e+02 9.726219101415709001e-02
2.083535767883941787e+02 1.012623979784696704e-01
2.088044522261130567e+02 1.037417389283527419e-01
2.092553276638319062e+02 1.044330670464938132e-01
2.097062031015507557e+02 1.073273563163707756e-01
2.101570785392696337e+02 1.187766535768967485e-01
2.106079539769884832e+02 1.414836997052653922e-01
2.110588294147073327e+02 1.689404404464341647e-01
2.115097048524262107e+02 1.881051079775711565e-01
2.119605802901450602e+02 1.903718719545389737e-01
2.124114557278639097e+02 1.781160922088745324e-01
2.128623311655827877e+02 1.595352777481218731e-01
2.133132066033016372e+02 1.414827972958407343e-01
2.137640820410204867e+02 1.276614503997304528e-01
2.142149574787393647e+02 1.192933055698563866e-01
2.146658329164582142e+02 1.159892347378941452e-01
2.151167083541770637e+02 1.166333356772085300e-01
2.155675837918959417e+02 1.200151218798577862e-01
2.160184592296147912e+02 1.248978057087022087e-01
2.164693346673336691e+02 1.295595127806119518e-01
2.169202101050525187e+02 1.315441065186773728e-01
2.173710855427713682e+02 1.302800133799068560e-01
2.178219609804902461e+02 1.294906046709580760e-01
2.182728364182090957e+02 1.309644153473676353e-01
2.187237118559279452e+02 1.331475080912083997e-01
2.191745872936468231e+02 1.348458670374389212e-01
2.196254627313656727e+02 1.359117266509718702e-01
2.200763381690845222e+02 1.363262730554272717e-01
2.205272136068034001e+02 1.354756960459543857e-01
2.209780890445222497e+02 1.331232039206429185e-01
2.214289644822410992e+02 1.311997944548095874e-01
2.218798399199599771e+02 1.319629845137157420e-01
2.223307153576788266e+02 1.354799884592141901e-01
2.227815907953976762e+02 1.402780670149380293e-01
2.232324662331165541e+02 1.443340675101560389e-01
2.236833416708354036e+02 1.448200226890098974e-01
2.241342171085542532e+02 1.393244508081806499e-01
2.245850925462731311e+02 1.297368742124569152e-01
2.250359679839919806e+02 1.202309163060777536e-01
2.254868434217108302e+02 1.134380743890397308e-01
2.259377188594297081e+02 1.104205923253411270e-01
2.263885942971485576e+02 1.106730818353604956e-01
2.268394697348674356e+02 1.122225744380902501e-01
2.272903451725862851e+02 1.125250879526211861e-01
2.277412206103051346e+02 1.094453431212159961e-01
2.281920960480240126e+02 1.033492959373620013e-01
2.286429714857428621e+02 9.886313609902444566e-02
2.290938469234617116e+02 9.969519581063704394e-02
2.295447223611805896e+02 1.041248427532981552e-01
2.299955977988994391e+02 1.090748821233590432e-01
2.304464732366182886e+02 1.133527176017005839e-01
2.308973486743371666e+02 1.174259605553159141e-01
2.313482241120560161e+02 1.225483663060671219e-01
2.317990995497748656e+02 1.294620601767353385e-01
2.322499749874937436e+02 1.366999812491869470e-01
2.327008504252125931e+02 1.412522770142907169e-01
2.331517258629314426e+02 1.411412925704790267e-01
2.336026013006503206e+02 1.368820473423391915e-01
2.340534767383691701e+02 1.304120450578777624e-01
2.345043521760880196e+02 1.235196709435841950e-01
2.349552276138068976e+02 1.180422458301560867e-01
2.354061030515257471e+02 1.161260920040141503e-01
2.358569784892445966e+02 1.191396266849681224e-01
2.363078539269634746e+02 1.266522754726960298e-01
2.367587293646823241e+02 1.363935446448272804e-01
2.372096048024012021e+02 1.444205352734224401e-01
2.376604802401200516e+02 1.463846746235020202e-01
2.381113556778389011e+02 1.420220234560929107e-01
2.385622311155577790e+02 1.374103099913236703e-01
2.390131065532766286e+02 1.369423572254619692e-01
2.394639819909954781e+02 1.396239923290859275e-01
2.399148574287143560e+02 1.432105812125739619e-01
2.403657328664332056e+02 1.458301490809741641e-01
2.408166083041520551e+02 1.457815369255566207e-01
2.412674837418709330e+02 1.429521068891638769e-01
2.417183591795897826e+02 1.407654303976970667e-01
2.421692346173086321e+02 1.421599283879301512e-01
2.426201100550275100e+02 1.459722057710575727e-01
2.430709854927463596e+02 1.487786144026736757e-01
2.435218609304652091e+02 1.466988986791809557e-01
2.439727363681840870e+02 1.383239996293252616e-01
2.444236118059029366e+02 1.271919275880539213e-01
2.448744872436217861e+02 1.180673236384845864e-01
2.453253626813406640e+02 1.124540449596485442e-01
2.457762381190595136e+02 1.097719254305613013e-01
2.462271135567783631e+02 1.101296066864585893e-01
2.466779889944972410e+02 1.143844554238492989e-01
2.471288644322160906e+02 1.210679074398727656e-01
2.475797398699349685e+02 1.278251262194608218e-01
2.480306153076538180e+02 1.349184150646154934e-01
2.484814907453726676e+02 1.429765136724459318e-01
2.489323661830915455e+02 1.515301877120007190e-01
2.493832416208103950e+02 1.593923131952945382e-01
2.498341170585292446e+02 1.648058255400208783e-01
2.502849924962481225e+02 1.650345372557492085e-01
2.507358679339669720e+02 1.584941817365111971e-01
2.511867433716858216e+02 1.489588718639220932e-01
2.516376188094046995e+02 1.412338478037283296e-01
2.520884942471235490e+02 1.366543933301127001e-01
2.525393696848423986e+02 1.351152973631401244e-01
2.529902451225612765e+02 1.365362537332260873e-01
2.534411205602801260e+02 1.408839394472166662e-01
2.538919959979989756e+02 1.474889723516952800e-01
2.543428714357178535e+02 1.542493392307320854e-01
2.547937468734367030e+02 1.587245460748641368e-01
2.552446223111555526e+02 1.607108796966665587e-01
2.556954977488744305e+02 1.611870789066844889e-01
2.561463731865932800e+02 1.587200155618073150e-01
2.565972486243121580e+02 1.495243314482163355e-01
2.570481240620309791e+02 1.332638570946983181e-01
2.574989994997498570e+02 1.173556111852709777e-01
2.579498749374687350e+02 1.084156455456020685e-01
2.584007503751875561e+02 1.061922636187484503e-01
2.588516258129064340e+02 1.083987767391599716e-01
2.593025012506253120e+02 1.139605207509315071e-01
2.597533766883441331e+02 1.225771610236060932e-01
2.602042521260630110e+02 1.325989242597085394e-01
2.606551275637818890e+02 1.393760211700838803e-01
2.611060030015007101e+02 1.398922377405393824e-01
2.615568784392195880e+02 1.365832106822779390e-01
2.620077538769384660e+02 1.319868424194216294e-01
2.624586293146572871e+02 1.263414940646861995e-01
2.629095047523761650e+02 1.196583806375157433e-01
2.633603801900950430e+02 1.144436991223015815e-01
2.638112556278139209e+02 1.145308994969741201e-01
2.642621310655327420e+02 1.201369720710869088e-01
2.647130065032516200e+02 1.283861865854852846e-01
2.651638819409704979e+02 1.365211617931009203e-01
2.656147573786893190e+02 1.428084592177506773e-01
2.660656328164081970e+02 1.460328871222504599e-01
2.665165082541270749e+02 1.446282175032733985e-01
2.669673836918458960e+02 1.380510866185246099e-01
2.674182591295647740e+02 1.293938394835384142e-01
2.678691345672836519e+02 1.219606178163976096e-01
2.683200100050024730e+02 1.161808844724128570e-01
2.687708854427213510e+02 1.110679489432112726e-01
2.692217608804402289e+02 1.061935787253205365e-01
2.696726363181590500e+02 1.025176018389745425e-01
2.701235117558779280e+02 1.013883005666580961e-01
2.705743871935968059e+02 1.039799430425365490e-01
2.710252626313156270e+02 1.111625537771912253e-01
2.714761380690345050e+02 1.222011446436346849e-01
2.719270135067533829e+02 1.343315207389326194e-01
2.723778889444722040e+02 1.450821690554877919e-01
2.728287643821910819e+02 1.540710097683252178e-01
2.732796398199099599e+02 1.612317113350121289e-01
2.737305152576287810e+02 1.650838458710446044e-01
2.741813906953476589e+02 1.667487866215817127e-01
2.746322661330665369e+02 1.687896722404147176e-01
2.750831415707853580e+02 1.716581321176019193e-01
2.755340170085042359e+02 1.737853334834774388e-01
2.759848924462231139e+02 1.724449691732246603e-01
2.764357678839419350e+02 1.659336654630547414e-01
2.768866433216608129e+02 1.556409562623343179e-01
2.773375187593796909e+02 1.447646528925009834e-01
2.777883941970985120e+02 1.358345496195239865e-01
2.782392696348173899e+02 1.302064348924576453e-01
2.786901450725362679e+02 1.284901987550592095e-01
2.791410205102550890e+02 1.309444299515238608e-01
2.795918959479739669e+02 1.369661279596318115e-01
2.800427713856928449e+02 1.424691144212896499e-01
2.804936468234116660e+02 1.410339707590839986e-01
2.809445222611305439e+02 1.335488211167100148e-01
2.813953976988494219e+02 1.261389402137382265e-01
2.818462731365682430e+02 1.216473341953675097e-01
2.822971485742871209e+02 1.197472156965611878e-01
2.827480240120059989e+02 1.192029620804492540e-01
2.831988994497248200e+02 1.192529623482552620e-01
2.836497748874436979e+02 1.201380924022995150e-01
2.841006503251625759e+02 1.224037624944366576e-01
2.845515257628814538e+02 1.258308820418855556e-01
2.850024012006002749e+02 1.294014037287218311e-01
2.854532766383191529e+02 1.329859874842991563e-01
2.859041520760380308e+02 1.388113056044393279e-01
2.863550275137568519e+02 1.491101605737603919e-01
2.868059029514757299e+02 1.624302675885234137e-01
2.872567783891946078e+02 1.745161725681103893e-01
2.877076538269134289e+02 1.807696830735986693e-01
2.881585292646323069e+02 1.762289058689142096e-01
2.886094047023511848e+02 1.595131991468652088e-01
2.890602801400700059e+02 1.409011776928529025e-01
2.895111555777888839e+02 1.308272112521426112e-01
2.899620310155077618e+02 1.294969444403433478e-01
2.904129064532265829e+02 1.344660403362362699e-01
2.908637818909454609e+02 1.441018668871874020e-01
2.913146573286643388e+02 1.563687383596674418e-01
2.917655327663831599e+02 1.675639848466881909e-01
2.922164082041020379e+02 1.721088950238651716e-01
2.926672836418209158e+02 1.672708439184110440e-01
2.931181590795397369e+02 1.580133192605501502e-01
2.935690345172586149e+02 1.487838282266330525e-01
2.940199099549774928e+02 1.404996594051222125e-01
2.944707853926963139e+02 1.336992845064568225e-01
2.949216608304151919e+02 1.293837168213207989e-01
2.953725362681340698e+02 1.283999612954191960e-01
2.958234117058528909e+02 1.307411882959007565e-01
2.962742871435717689e+02 1.357965272868066064e-01
2.967251625812906468e+02 1.426975323910588123e-01
2.971760380190094679e+02 1.483129937093028705e-01
2.976269134567283459e+02 1.479310792970029154e-01
2.980777888944472238e+02 1.429705069516703231e-01
2.985286643321660449e+02 1.385219705982049521e-01
2.989795397698849229e+02 1.370975391744443384e-01
2.994304152076038008e+02 1.392309682355802325e-01
2.998812906453226219e+02 1.449143194799071555e-01
3.003321660830414999e+02 1.528513085020763995e-01
3.007830415207603778e+02 1.585053106304746828e-01
3.012339169584791989e+02 1.582072754594127939e-01
3.016847923961980769e+02 1.559047299400340980e-01
3.021356678339169548e+02 1.558340016877766410e-01
3.025865432716357759e+02 1.562680703468590226e-01
3.030374187093546539e+02 1.530241119834110375e-01
3.034882941470735318e+02 1.451744058352414657e-01
3.039391695847923529e+02 1.376890945437607705e-01
3.043900450225112309e+02 1.366275708062881233e-01
3.048409204602301088e+02 1.422121786717375769e-01
3.052917958979489867e+02 1.503832681675820737e-01
3.057426713356678079e+02 1.580754990731868814e-01
3.061935467733866858e+02 1.642942448684624190e-01
3.066444222111055637e+02 1.684527266033276349e-01
3.070952976488243849e+02 1.694292688377473100e-01
3.075461730865432628e+02 1.674999947902692521e-01
3.079970485242621407e+02 1.657295959431800692e-01
3.084479239619809618e+02 1.655450051507790510e-01
3.088987993996998398e+02 1.643804631794852367e-01
3.093496748374187177e+02 1.584645251931568743e-01
3.098005502751375388e+02 1.480526332206289208e-01
3.102514257128564168e+02 1.375969084835525214e-01
3.107023011505752947e+02 1.301761034711661491e-01
3.111531765882941158e+02 1.270663591729300768e-01
3.116040520260129938e+02 1.300065610842544572e-01
3.120549274637318717e+02 1.403133771596589419e-01
3.125058029014506928e+02 1.538797977247265969e-01
3.129566783391695708e+02 1.623311489509930428e-01
3.134075537768884487e+02 1.637753756235657276e-01
3.138584292146072698e+02 1.626081455949953958e-01
3.143093046523261478e+02 1.620704994391732601e-01
3.147601800900450257e+02 1.619923280413149425e-01
3.152110555277638468e+02 1.603828488359642090e-01
3.156619309654827248e+02 1.561998285779065132e-01
3.161128064032016027e+02 1.507665141682264787e-01
3.165636818409204238e+02 1.461827402018213984e-01
3.170145572786393018e+02 1.438494905446496830e-01
3.174654327163581797e+02 1.452627485636201476e-01
3.179163081540770008e+02 1.519555586472747799e-01
3.183671835917958788e+02 1.623700210838435465e-01
3.188180590295147567e+02 1.723071431035939904e-01
3.192689344672335778e+02 1.799724856658277694e-01
3.197198099049524558e+02 1.855950345244859467e-01
3.201706853426713337e+02 1.882162277722319865e-01
3.206215607803901548e+02 1.837665078533375906e-01
3.210724362181090328e+02 1.688036375374462050e-01
3.215233116558279107e+02 1.504998457752630414e-01
3.219741870935467318e+02 1.374696655525318167e-01
3.224250625312656098e+02 1.296633061633753747e-01
3.228759379689844877e+02 1.253397287062705256e-01
3.233268134067033088e+02 1.240550489825267000e-01
3.237776888444221868e+02 1.253564145280097464e-01
3.242285642821410647e+02 1.277838408567306683e-01
3.246794397198598858e+02 1.293970444228233208e-01
3.251303151575787638e+02 1.293949637979874279e-01
3.255811905952976417e+02 1.285311542237829174e-01
3.260320660330165197e+02 1.277356656324882545e-01
3.264829414707353408e+02 1.274226294315475294e-01
3.269338169084542187e+02 1.279238621430520417e-01
3.273846923461730967e+02 1.302216779497294974e-01
3.278355677838919178e+02 1.357750092537312880e-01
3.282864432216107957e+02 1.443064685019003757e-01
3.287373186593296737e+02 1.528857164150083381e-01
3.291881940970484948e+02 1.584414750434915975e-01
3.296390695347673727e+02 1.602637764649559038e-01
3.300899449724862507e+02 1.597175935209025899e-01
3.305408204102050718e+02 1.586426985780944598e-01
3.309916958479239497e+02 1.588742502318953864e-01
3.314425712856428277e+02 1.618061468120023383e-01
3.318934467233616488e+02 1.676894232245231819e-01
3.323443221610805267e+02 1.758541585822176734e-01
3.327951975987994047e+02 1.847388863381418667e-01
3.332460730365182258e+02 1.912583516287968688e-01
3.336969484742371037e+02 1.916941966641208805e-01
3.341478239119559817e+02 1.851523170889213532e-01
3.345986993496748028e+02 1.753213671836025278e-01
3.350495747873936807e+02 1.672241159461212712e-01
3.355004502251125587e+02 1.631243503567119113e-01
3.359513256628313798e+02 1.623149977813338751e-01
3.364022011005502577e+02 1.629337835721914873e-01
3.368530765382691357e+02 1.635704052716636381e-01
3.373039519759879568e+02 1.642751949443507220e-01
3.377548274137068347e+02 1.652880629345419572e-01
3.382057028514257127e+02 1.650598076065244724e-01
3.386565782891445338e+02 1.605618664129474793e-01
3.391074537268634117e+02 1.505970740739012159e-01
3.395583291645822896e+02 1.394097313467773658e-01
3.400092046023011108e+02 1.322972960251014574e-01
3.404600800400199887e+02 1.301714141049533091e-01
3.409109554777388666e+02 1.314792097506096435e-01
3.413618309154576878e+02 1.344463303662573328e-01
3.418127063531765657e+02 1.368842007293964158e-01
3.422635817908954436e+02 1.360183450373368963e-01
3.427144572286142647e+02 1.313915732912433465e-01
3.431653326663331427e+02 1.266984705859575955e-01
3.436162081040520206e+02 1.245994820788753621e-01
3.440670835417708417e+02 1.247195091265342892e-01
3.445179589794897197e+02 1.259868655591134812e-01
3.449688344172085976e+02 1.276007030653855678e-01
3.454197098549274187e+02 1.289131131935749297e-01
3.458705852926462967e+02 1.295524003403073221e-01
3.463214607303651746e+02 1.300436044840772576e-01
3.467723361680840526e+02 1.312199346642079489e-01
3.472232116058028737e+02 1.325387833797157522e-01
3.476740870435217516e+02 1.327658173504086825e-01
3.481249624812406296e+02 1.314800925248543195e-01
3.485758379189594507e+02 1.295057961372144684e-01
3.490267133566783286e+02 1.288121459556582082e-01
3.494775887943972066e+02 1.317590364980901763e-01
3.499284642321160277e+02 1.393038098005912329e-01
3.503793396698349056e+02 1.490077419839936357e-01
3.508302151075537836e+02 1.563678574204156180e-01
3.512810905452726047e+02 1.595753910446186530e-01
3.517319659829914826e+02 1.606939496134258127e-01
3.521828414207103606e+02 1.628978655405925458e-01
3.526337168584291817e+02 1.679831859078453615e-01
3.530845922961480596e+02 1.748098265230662862e-01
3.535354677338669376e+02 1.785100624837793193e-01
3.539863431715857587e+02 1.749360953685668019e-01
3.544372186093046366e+02 1.678299392811155866e-01
3.548880940470235146e+02 1.619083895941805240e-01
3.553389694847423357e+02 1.583744229377422874e-01
3.557898449224612136e+02 1.578241310676059550e-01
3.562407203601800916e+02 1.604061308085553694e-01
3.566915957978989127e+02 1.645401581826469450e-01
3.571424712356177906e+02 1.673081731572627628e-01
3.575933466733366686e+02 1.661754484968996914e-01
3.580442221110554897e+02 1.613458493937596216e-01
3.584950975487743676e+02 1.570954748803546630e-01
3.589459729864932456e+02 1.562753725028733776e-01
3.593968484242120667e+02 1.580542405543500506e-01
3.598477238619309446e+02 1.615038992771762050e-01
3.602985992996498226e+02 1.658656541266482209e-01
3.607494747373686437e+02 1.690945453939626253e-01
3.612003501750875216e+02 1.697457042426300799e-01
3.616512256128063996e+02 1.684743774253351090e-01
3.621021010505252207e+02 1.663749048244774764e-01
3.625529764882440986e+02 1.647300700428059872e-01
3.630038519259629766e+02 1.649393225548972941e-01
3.634547273636817977e+02 1.670027204258410503e-01
3.639056028014006756e+02 1.690151031769553669e-01
3.643564782391195536e+02 1.686341151356179069e-01
3.648073536768383747e+02 1.647319628103979527e-01
3.652582291145572526e+02 1.594493819668073020e-01
3.657091045522761306e+02 1.564272271267119208e-01
3.661599799899949517e+02 1.555281965445448333e-01
3.666108554277138296e+02 1.541196927228810631e-01
3.670617308654327076e+02 1.505540479120167086e-01
3.675126063031515287e+02 1.452550334481798322e-01
3.679634817408704066e+02 1.400155079433327288e-01
3.684143571785892846e+02 1.366096966781113198e-01
3.688652326163081625e+02 1.366024824459605713e-01
3.693161080540269836e+02 1.418855900749502741e-01
3.697669834917458616e+02 1.530009900720792904e-01
3.702178589294647395e+02 1.668063066476187239e-01
3.706687343671835606e+02 1.786781602291802051e-01
3.711196098049024386e+02 1.843972153288077342e-01
3.715704852426213165e+02 1.801072283831704202e-01
3.720213606803401376e+02 1.674043752969422982e-01
3.724722361180590156e+02 1.553967082354568152e-01
3.729231115557778935e+02 1.495072687107574516e-01
3.733739869934967146e+02 1.488181698866717084e-01
3.738248624312155926e+02 1.503435132750745029e-01
3.742757378689344705e+02 1.500872914778463851e-01
3.747266133066532916e+02 1.461128076612144000e-01
3.751774887443721695e+02 1.410660290363269231e-01
3.756283641820910475e+02 1.381135774212226275e-01
3.760792396198098686e+02 1.381148270240518394e-01
3.765301150575287465e+02 1.401244960348889124e-01
3.769809904952476245e+02 1.422530543870089148e-01
3.774318659329664456e+02 1.427591471231411668e-01
3.778827413706853235e+02 1.413123317185161765e-01
3.783336168084042015e+02 1.387241728977136601e-01
3.787844922461230226e+02 1.359777665139688674e-01
3.792353676838419005e+02 1.344373966994842629e-01
3.796862431215607785e+02 1.360087759907344374e-01
3.801371185592795996e+02 1.413451343929149895e-01
3.805879939969984775e+02 1.488234388987920431e-01
3.810388694347173555e+02 1.569468803373660903e-01
3.814897448724361766e+02 1.649453955222261736e-01
3.819406203101550545e+02 1.707339116056401651e-01
3.823914957478739325e+02 1.710453091604212106e-01
3.828423711855927536e+02 1.653687937526979179e-01
3.832932466233116315e+02 1.566381419510814166e-01
3.837441220610305095e+02 1.484468591937009863e-01
3.841949974987493306e+02 1.433996622521030162e-01
3.846458729364682085e+02 1.413689018027110278e-01
3.850967483741870865e+02 1.411012895054342131e-01
3.855476238119059076e+02 1.422542870178167551e-01
3.859984992496247855e+02 1.448192915713794049e-01
3.864493746873436635e+02 1.484020808664411051e-01
3.869002501250624846e+02 1.526483937700152671e-01
3.873511255627813625e+02 1.573219384002405297e-01
3.878020010005002405e+02 1.609779059893670927e-01
3.882528764382190616e+02 1.614075307341679144e-01
3.887037518759379395e+02 1.582278042479738356e-01
3.891546273136568175e+02 1.526517278182241977e-01
3.896055027513756954e+02 1.461622459952166553e-01
3.900563781890945165e+02 1.403297430444525318e-01
3.905072536268133945e+02 1.366954339660302054e-01
3.909581290645322724e+02 1.362123185549854731e-01
3.914090045022510935e+02 1.388262234055241406e-01
3.918598799399699715e+02 1.438313879515593641e-01
3.923107553776888494e+02 1.505339410717102810e-01
3.927616308154076705e+02 1.583954339148164747e-01
3.932125062531265485e+02 1.663161661851973172e-01
3.936633816908454264e+02 1.725510924844514127e-01
3.941142571285642475e+02 1.775773297469547540e-01
3.945651325662831255e+02 1.820597926384536769e-01
3.950160080040020034e+02 1.846781229915336608e-01
3.954668834417208245e+02 1.830230826532951438e-01
3.959177588794397025e+02 1.752169141761069915e-01
3.963686343171585804e+02 1.630986737636362371e-01
3.968195097548774015e+02 1.516383721912711591e-01
3.972703851925962795e+02 1.434792508687338652e-01
3.977212606303151574e+02 1.382578280747091271e-01
3.981721360680339785e+02 1.351968015589674332e-01
3.986230115057528565e+02 1.339777714577018997e-01
3.990738869434717344e+02 1.340237815703886060e-01
3.995247623811905555e+02 1.339636348315173808e-01
3.999756378189094335e+02 1.337015633181343754e-01
4.004265132566283114e+02 1.348550179286105988e-01
4.008773886943471325e+02 1.389763863282211798e-01
4.013282641320660105e+02 1.471482456670005490e-01
4.017791395697848884e+02 1.598879892345097253e-01
4.022300150075037095e+02 1.765065446763204315e-01
4.026808904452225875e+02 1.937325711873747747e-01
4.031317658829414654e+02 2.026976682482119207e-01
4.035826413206602865e+02 1.889613240577923681e-01
4.040335167583791645e+02 1.592334479184493445e-01
4.044843921960980424e+02 1.413656690773618385e-01
4.049352676338168635e+02 1.375791200921871460e-01
4.053861430715357415e+02 1.401740048737594446e-01
4.058370185092546194e+02 1.456391400326600971e-01
4.062878939469734405e+02 1.530807160643849751e-01
4.067387693846923185e+02 1.616735885810711149e-01
4.071896448224111964e+02 1.692606750939204263e-01
4.076405202601300175e+02 1.737027122294793613e-01
4.080913956978488955e+02 1.743911691190817848e-01
4.085422711355677734e+02 1.717826284638982459e-01
4.089931465732865945e+02 1.679170495519188289e-01
4.094440220110054725e+02 1.655294009375000708e-01
4.098948974487243504e+02 1.653367374063137440e-01
4.103457728864432283e+02 1.660072276553681558e-01
4.107966483241620494e+02 1.651147344310450460e-01
4.112475237618809274e+02 1.608426360120520093e-01
4.116983991995998053e+02 1.551327139902313190e-01
4.121492746373186264e+02 1.515767525658680281e-01
4.126001500750375044e+02 1.506391505030572620e-01
4.130510255127563823e+02 1.507467266477671153e-01
4.135019009504752034e+02 1.511164558887167775e-01
4.139527763881940814e+02 1.523395481438129806e-01
4.144036518259129593e+02 1.545510647833739926e-01
4.148545272636317804e+02 1.564836814905413986e-01
4.153054027013506584e+02 1.562164360101153948e-01
4.157562781390695363e+02 1.527006162597828731e-01
4.162071535767883574e+02 1.473466839325494604e-01
4.166580290145072354e+02 1.432381906745852085e-01
4.171089044522261133e+02 1.423351939271881583e-01
4.175597798899449344e+02 1.440000480646018710e-01
4.180106553276638124e+02 1.452655383319832183e-01
4.184615307653826903e+02 1.434508604081200234e-01
4.189124062031015114e+02 1.392989628198359475e-01
4.193632816408203894e+02 1.359999350692959741e-01
4.198141570785392673e+02 1.365907242848286018e-01
4.202650325162580884e+02 1.427453104570836073e-01
4.207159079539769664e+02 1.540169706895636870e-01
4.211667833916958443e+02 1.675658832774164220e-01
4.216176588294146654e+02 1.802997818729040469e-01
4.220685342671335434e+02 1.912832803050500130e-01
4.225194097048524213e+02 2.005663730122713151e-01
4.229702851425712424e+02 2.059497759062277056e-01
4.234211605802901204e+02 2.013024075529189771e-01
4.238720360180089983e+02 1.844992716264313992e-01
4.243229114557278194e+02 1.656634523739868581e-01
4.247737868934466974e+02 1.532958976340136614e-01
4.252246623311655753e+02 1.474838864158159735e-01
4.256755377688843964e+02 1.457819060659444887e-01
4.261264132066032744e+02 1.459810414461492623e-01
4.265772886443221523e+02 1.460615388148224225e-01
4.270281640820409734e+02 1.442861280016834447e-01
4.274790395197598514e+02 1.404341544997317059e-01
4.279299149574787293e+02 1.362361258943209363e-01
4.283807903951975504e+02 1.333197662776995362e-01
4.288316658329164284e+02 1.324783283244675980e-01
4.292825412706353063e+02 1.346688602728647322e-01
4.297334167083541274e+02 1.407165676005140698e-01
4.301842921460730054e+02 1.503091673991116262e-01
4.306351675837918833e+02 1.619626494667834316e-01
4.310860430215107613e+02 1.736405355592231248e-01
4.315369184592295824e+02 1.832956948633255034e-01
4.319877938969484603e+02 1.888044846965964418e-01
4.324386693346673383e+02 1.874449099336368274e-01
4.328895447723861594e+02 1.773579443187799087e-01
4.333404202101050373e+02 1.612984018630592986e-01
4.337912956478239153e+02 1.451328296813207130e-01
4.342421710855427364e+02 1.325127393030296752e-01
4.346930465232616143e+02 1.243352485837629640e-01
4.351439219609804923e+02 1.204242500000135413e-01
4.355947973986993134e+02 1.202081155366577225e-01
4.360456728364181913e+02 1.229726859714875414e-01
4.364965482741370693e+02 1.280015096005946984e-01
4.369474237118558904e+02 1.340852934074706626e-01
4.373982991495747683e+02 1.385855044565561800e-01
4.378491745872936463e+02 1.378979786633654225e-01
4.383000500250124674e+02 1.321213485115419750e-01
4.387509254627313453e+02 1.269694597034297934e-01
4.392018009004502233e+02 1.268599704573727116e-01
4.396526763381690444e+02 1.323473325402679535e-01
4.401035517758879223e+02 1.417374886828247638e-01
4.405544272136068003e+02 1.510925546384153662e-01
4.410053026513256214e+02 1.561506706020769353e-01
4.414561780890444993e+02 1.566745191788673774e-01
4.419070535267633772e+02 1.556550656746600314e-01
4.423579289644821984e+02 1.551618613947410019e-01
4.428088044022010763e+02 1.550260989761101382e-01
4.432596798399199542e+02 1.539588449929664149e-01
4.437105552776387754e+02 1.516588591113345597e-01
4.441614307153576533e+02 1.492973301968620881e-01
4.446123061530765312e+02 1.482059104896873980e-01
4.450631815907953523e+02 1.497770338851738270e-01
4.455140570285142303e+02 1.551690236632831121e-01
4.459649324662331082e+02 1.634916353281285484e-01
4.464158079039519293e+02 1.712424730097005521e-01
4.468666833416708073e+02 1.751073402533888934e-01
4.473175587793896852e+02 1.740475773535146986e-01
4.477684342171085063e+02 1.684597032971199282e-01
4.482193096548273843e+02 1.595787067393422964e-01
4.486701850925462622e+02 1.501363744437633485e-01
4.491210605302650833e+02 1.428306238333868494e-01
4.495719359679839613e+02 1.380045560005228600e-01
4.500228114057028392e+02 1.350450532035396833e-01
4.504736868434216603e+02 1.340115932547454314e-01
4.509245622811405383e+02 1.360096594325868880e-01
4.513754377188594162e+02 1.428395238448789129e-01
4.518263131565782942e+02 1.539534689593786421e-01
4.522771885942971153e+02 1.623216322117276844e-01
4.527280640320159932e+02 1.614954115462836071e-01
4.531789394697348712e+02 1.532359027073342539e-01
4.536298149074536923e+02 1.418571525027209346e-01
4.540806903451725702e+02 1.305841003273636447e-01
4.545315657828914482e+02 1.220848801067200701e-01
4.549824412206102693e+02 1.180779259401162767e-01
4.554333166583291472e+02 1.182601137222733523e-01
4.558841920960480252e+02 1.213687974536526437e-01
4.563350675337668463e+02 1.266057718859823766e-01
4.567859429714857242e+02 1.336263721408105232e-01
4.572368184092046022e+02 1.422284920185021007e-01
4.576876938469234233e+02 1.521812889157808379e-01
4.581385692846423012e+02 1.625124537789756352e-01
4.585894447223611792e+02 1.702537761106586445e-01
4.590403201600800003e+02 1.714330908356800909e-01
4.594911955977988782e+02 1.664521026570678353e-01
4.599420710355177562e+02 1.601060546252738304e-01
4.603929464732365773e+02 1.549280508390435962e-01
4.608438219109554552e+02 1.511396183885513889e-01
4.612946973486743332e+02 1.488020232501232887e-01
4.617455727863931543e+02 1.477062844285539911e-01
4.621964482241120322e+02 1.469019726670053594e-01
4.626473236618309102e+02 1.451558469282530905e-01
4.630981990995497313e+02 1.420795676603388846e-01
4.635490745372686092e+02 1.388941412910539852e-01
4.639999499749874872e+02 1.380263660265397818e-01
4.644508254127063083e+02 1.417814882343624849e-01
4.649017008504251862e+02 1.507441949064792786e-01
4.653525762881440642e+02 1.619654039003100010e-01
4.658034517258628853e+02 1.688075273398358112e-01
4.662543271635817632e+02 1.668148331709977394e-01
4.667052026013006412e+02 1.589598069100085775e-01
4.671560780390194623e+02 1.500401671908599133e-01
4.676069534767383402e+02 1.422545331971830640e-01
4.680578289144572182e+02 1.371414362762664596e-01
4.685087043521760393e+02 1.375966331486858374e-01
4.689595797898949172e+02 1.467698249079851525e-01
4.694104552276137952e+02 1.629789043560861406e-01
4.698613306653326163e+02 1.772474027238828409e-01
4.703122061030514942e+02 1.829317608795979488e-01
4.707630815407703722e+02 1.814593472272687802e-01
4.712139569784891933e+02 1.762011479637060896e-01
4.716648324162080712e+02 1.694679172704689485e-01
4.721157078539269492e+02 1.634515027433753598e-01
4.725665832916457703e+02 1.602111547229841115e-01
4.730174587293646482e+02 1.604125676821566149e-01
4.734683341670835262e+02 1.628294070931853577e-01
4.739192096048024041e+02 1.648531969401122732e-01
4.743700850425212252e+02 1.623861516507804637e-01
4.748209604802401032e+02 1.511969920892576591e-01
4.752718359179589811e+02 1.350954533319953799e-01
4.757227113556778022e+02 1.244093710078388731e-01
4.761735867933966802e+02 1.215180830855342453e-01
4.766244622311155581e+02 1.233473856630249305e-01
4.770753376688343792e+02 1.270407212539314545e-01
4.775262131065532571e+02 1.304961703396443351e-01
4.779770885442721351e+02 1.327767541991884404e-01
4.784279639819909562e+02 1.348377019604204974e-01
4.788788394197098341e+02 1.384642710770496721e-01
4.793297148574287121e+02 1.444912589417144955e-01
4.797805902951475332e+02 1.517030450836585054e-01
4.802314657328664111e+02 1.567562187011873054e-01
4.806823411705852891e+02 1.583952697629473771e-01
4.811332166083041102e+02 1.588962131846218262e-01
4.815840920460229881e+02 1.599902458304260366e-01
4.820349674837418661e+02 1.616433039441940167e-01
4.824858429214606872e+02 1.622573127394253134e-01
4.829367183591795651e+02 1.599382364621833863e-01
4.833875937968984431e+02 1.550374583402721884e-01
4.838384692346172642e+02 1.498509985360156338e-01
4.842893446723361421e+02 1.462872951667329169e-01
4.847402201100550201e+02 1.456041339343914776e-01
4.851910955477738412e+02 1.488818749753149373e-01
4.856419709854927191e+02 1.548031983113308807e-01
4.860928464232115971e+02 1.585458347050363592e-01
4.865437218609304182e+02 1.573760558604991866e-01
4.869945972986492961e+02 1.516603035740663463e-01
4.874454727363681741e+02 1.429795362769188671e-01
4.878963481740869952e+02 1.340377263006741204e-01
4.883472236118058731e+02 1.272747531942068078e-01
4.887980990495247511e+02 1.235526794982545751e-01
4.892489744872435722e+02 1.228905505425508526e-01
4.896998499249624501e+02 1.254836612703660315e-01
4.901507253626813281e+02 1.316485535887435554e-01
4.906016008004001492e+02 1.406437484563580198e-01
4.910524762381190271e+02 1.489644120201849553e-01
4.915033516758379051e+02 1.511004070053616755e-01
4.919542271135567262e+02 1.439834762702114634e-01
4.924051025512756041e+02 1.309359171701335589e-01
4.928559779889944821e+02 1.201496334268802868e-01
4.933068534267133032e+02 1.151202079573815512e-01
4.937577288644321811e+02 1.138176421918825065e-01
4.942086043021510591e+02 1.142557669652811692e-01
4.946594797398699370e+02 1.156315718172290091e-01
4.951103551775887581e+02 1.175471226033775740e-01
4.955612306153076361e+02 1.195302683624887147e-01
4.960121060530265140e+02 1.218375840531216586e-01
4.964629814907453351e+02 1.268442746075536809e-01
4.969138569284642131e+02 1.372389763035204990e-01
4.973647323661830910e+02 1.521156253341043596e-01
4.978156078039019121e+02 1.663907470915153841e-01
4.982664832416207901e+02 1.744662769878214670e-01
4.987173586793396680e+02 1.750040749953642172e-01
4.991682341170584891e+02 1.718397646814926460e-01
4.996191095547773671e+02 1.686002204854307462e-01
5.000699849924962450e+02 1.655300489276450571e-01
5.005208604302150661e+02 1.610626266225317349e-01
5.009717358679339441e+02 1.538395012115753580e-01
5.014226113056528220e+02 1.450212033940554701e-01
5.018734867433716431e+02 1.380230867714827836e-01
5.023243621810905211e+02 1.340940771375455920e-01
5.027752376188093990e+02 1.321399677909952386e-01
5.032261130565282201e+02 1.315612186798084393e-01
5.036769884942470981e+02 1.327035108062867841e-01
5.041278639319659760e+02 1.353062005589512340e-01
5.045787393696847971e+02 1.376203771818651223e-01
5.050296148074036751e+02 1.384479242095437990e-01
5.054804902451225530e+02 1.390236917822612883e-01
5.059313656828413741e+02 1.413345677642279807e-01
5.063822411205602521e+02 1.462662034354564877e-01
5.068331165582791300e+02 1.531653213808256697e-01
5.072839919959979511e+02 1.594413707744699038e-01
5.077348674337168291e+02 1.623269618413877291e-01
5.081857428714357070e+02 1.619081964402793727e-01
5.086366183091545281e+02 1.593623208336506225e-01
5.090874937468734061e+02 1.540274209831694330e-01
5.095383691845922840e+02 1.451280508804325686e-01
5.099892446223111051e+02 1.363206583979815756e-01
5.104401200600299831e+02 1.314131819916743993e-01
5.108909954977488610e+02 1.299022005352091502e-01
5.113418709354676821e+02 1.304232386234692453e-01
5.117927463731865600e+02 1.326410594720181801e-01
5.122436218109054380e+02 1.369285853739774794e-01
5.126944972486243159e+02 1.417201070400408713e-01
5.131453726863431939e+02 1.411170582790441108e-01
5.135962481240619582e+02 1.351856138962975462e-01
5.140471235617808361e+02 1.298348425044497101e-01
5.144979989994997140e+02 1.271984677479083281e-01
5.149488744372185920e+02 1.266624222710179548e-01
5.153997498749374699e+02 1.267563560500850062e-01
5.158506253126563479e+02 1.260176716906251382e-01
5.163015007503751121e+02 1.245035868550405933e-01
5.167523761880939901e+02 1.240443371269488310e-01
5.172032516258128680e+02 1.255788515286005713e-01
5.176541270635317460e+02 1.283611165627248363e-01
5.181050025012506239e+02 1.311086529830730874e-01
5.185558779389695019e+02 1.329083862831977603e-01
5.190067533766882661e+02 1.343212794072634608e-01
5.194576288144071441e+02 1.373368399580531807e-01
5.199085042521260220e+02 1.419679007078926969e-01
5.203593796898449000e+02 1.445376351464471576e-01
5.208102551275637779e+02 1.416042026087037387e-01
5.212611305652826559e+02 1.340778219197292787e-01
5.217120060030014201e+02 1.259103757658934231e-01
5.221628814407202981e+02 1.201262900725199589e-01
5.226137568784391760e+02 1.178521471535178278e-01
5.230646323161580540e+02 1.201636031162306717e-01
5.235155077538769319e+02 1.293004919227268845e-01
5.239663831915958099e+02 1.443268899450201037e-01
5.244172586293145741e+02 1.567421862527974274e-01
5.248681340670334521e+02 1.611846104643729072e-01
5.253190095047523300e+02 1.587664011404355813e-01
5.257698849424712080e+02 1.514844356217379395e-01
5.262207603801900859e+02 1.424577249948602298e-01
5.266716358179089639e+02 1.355524681715615798e-01
5.271225112556278418e+02 1.319297875741883008e-01
5.275733866933466061e+02 1.300243037642344057e-01
5.280242621310654840e+02 1.279351037365709376e-01
5.284751375687843620e+02 1.249111710824322291e-01
5.289260130065032399e+02 1.216236662603561725e-01
5.293768884442221179e+02 1.191358271659798962e-01
5.298277638819409958e+02 1.176229536079016341e-01
5.302786393196597601e+02 1.163646958400069431e-01
5.307295147573786380e+02 1.145870123342818125e-01
5.311803901950975160e+02 1.124141432338278679e-01
5.316312656328163939e+02 1.106502434139639696e-01
5.320821410705352719e+02 1.096382908062951689e-01
5.325330165082541498e+02 1.096807680742987873e-01
5.329838919459729141e+02 1.123411169408618099e-01
5.334347673836917920e+02 1.194739523918390972e-01
5.338856428214106700e+02 1.269196353803459798e-01
5.343365182591295479e+02 1.308578521508280967e-01
5.347873936968484259e+02 1.327199471938239062e-01
5.352382691345673038e+02 1.334244775679584716e-01
5.356891445722860681e+02 1.324134323253087775e-01
5.361400200100049460e+02 1.290621889641216657e-01
5.365908954477238240e+02 1.254985532452129737e-01
5.370417708854427019e+02 1.249417472124136896e-01
5.374926463231615799e+02 1.274769376707731161e-01
5.379435217608804578e+02 1.311784052917816801e-01
5.383943971985992221e+02 1.333688763565593349e-01
5.388452726363181000e+02 1.322975414244632331e-01
5.392961480740369780e+02 1.298939454058678777e-01
5.397470235117558559e+02 1.296160752230126056e-01
5.401978989494747339e+02 1.323812285559598789e-01
5.406487743871936118e+02 1.362001799207034070e-01
5.410996498249123761e+02 1.382795443036081429e-01
5.415505252626312540e+02 1.379434781635121288e-01
5.420014007003501320e+02 1.363918467457608530e-01
5.424522761380690099e+02 1.344275727604026249e-01
5.429031515757878879e+02 1.321436400258789168e-01
5.433540270135067658e+02 1.304121166351725758e-01
5.438049024512255301e+02 1.319484027418217909e-01
5.442557778889444080e+02 1.388287898105851070e-01
5.447066533266632860e+02 1.478423699992293394e-01
5.451575287643821639e+02 1.532380283487320138e-01
5.456084042021010418e+02 1.536813728856515349e-01
5.460592796398199198e+02 1.506007910650688786e-01
5.465101550775387977e+02 1.444714304795614856e-01
5.469610305152575620e+02 1.355702869974977909e-01
5.474119059529764399e+02 1.269169156876957250e-01
5.478627813906953179e+02 1.230522965092937376e-01
5.483136568284141958e+02 1.252054339711591024e-01
5.487645322661330738e+02 1.299684063398043321e-01
5.492154077038519517e+02 1.324495285303144421e-01
5.496662831415707160e+02 1.313639040516754453e-01
5.501171585792895939e+02 1.287647064261968344e-01
5.505680340170084719e+02 1.265263869043683764e-01
5.510189094547273498e+02 1.250852968116691888e-01
5.514697848924462278e+02 1.237677471332688378e-01
5.519206603301651057e+02 1.214429478582843835e-01
5.523715357678838700e+02 1.177183143075616473e-01
5.528224112056027479e+02 1.142708336095124982e-01
5.532732866433216259e+02 1.136087770194318669e-01
5.537241620810405038e+02 1.165791295789868204e-01
5.541750375187593818e+02 1.223483326255722647e-01
5.546259129564782597e+02 1.288170807935866691e-01
5.550767883941970240e+02 1.329038987546106165e-01
5.555276638319159019e+02 1.330594757480203227e-01
5.559785392696347799e+02 1.308197971591377740e-01
5.564294147073536578e+02 1.287435283399950836e-01
5.568802901450725358e+02 1.288906127164345106e-01
5.573311655827914137e+02 1.324685100947864957e-01
5.577820410205101780e+02 1.390264621910915488e-01
5.582329164582290559e+02 1.463264122857185212e-01
5.586837918959479339e+02 1.514416409080662218e-01
5.591346673336668118e+02 1.517331361656367450e-01
5.595855427713856898e+02 1.467014684555070780e-01
5.600364182091045677e+02 1.387552573310382453e-01
5.604872936468233320e+02 1.305574132422987199e-01
5.609381690845422099e+02 1.240340730277491171e-01
5.613890445222610879e+02 1.205968828252450831e-01
5.618399199599799658e+02 1.208022820624873594e-01
5.622907953976988438e+02 1.243286470861938997e-01
5.627416708354177217e+02 1.300641850121307397e-01
5.631925462731364860e+02 1.360640694263534067e-01
5.636434217108553639e+02 1.396581835272410754e-01
5.640942971485742419e+02 1.387628686619215845e-01
5.645451725862931198e+02 1.346786941154530515e-01
5.649960480240119978e+02 1.312018586343654536e-01
5.654469234617308757e+02 1.297235283986088727e-01
5.658977988994496400e+02 1.289834950688685811e-01
5.663486743371685179e+02 1.279183030581224623e-01
5.667995497748873959e+02 1.263430812563474392e-01
5.672504252126062738e+02 1.244300547278740232e-01
5.677013006503251518e+02 1.224160966227984398e-01
5.681521760880440297e+02 1.204285568137508089e-01
5.686030515257629077e+02 1.181924981923205137e-01
5.690539269634816719e+02 1.152647560734766097e-01
5.695048024012005499e+02 1.136133321698048898e-01
5.699556778389194278e+02 1.146840814537671283e-01
5.704065532766383058e+02 1.168824021761202953e-01
5.708574287143571837e+02 1.192531981411519282e-01
5.713083041520760617e+02 1.215830321401553116e-01
5.717591795897948259e+02 1.245160226081221261e-01
5.722100550275137039e+02 1.300032277313259432e-01
5.726609304652325818e+02 1.401674750998836150e-01
5.731118059029514598e+02 1.535723845308754332e-01
5.735626813406703377e+02 1.649422039840750254e-01
5.740135567783892157e+02 1.699596314193386748e-01
5.744644322161079799e+02 1.663896842654003505e-01
5.749153076538268579e+02 1.547874109328287173e-01
5.753661830915457358e+02 1.415546646164936584e-01
5.758170585292646138e+02 1.344420856296303646e-01
5.762679339669834917e+02 1.346375739918308778e-01
5.767188094047023696e+02 1.386270068860013249e-01
5.771696848424211339e+02 1.431079383469493205e-01
5.776205602801400119e+02 1.463911152131618099e-01
5.780714357178588898e+02 1.477103006392872508e-01
5.785223111555777677e+02 1.471555891187198428e-01
5.789731865932966457e+02 1.466603034133992234e-01
5.794240620310155236e+02 1.474619179466814534e-01
5.798749374687342879e+02 1.486782697247846230e-01
5.803258129064531659e+02 1.490331033116890636e-01
5.807766883441720438e+02 1.470175180745402765e-01
5.812275637818909217e+02 1.418438063144590588e-01
5.816784392196097997e+02 1.358211701930276682e-01
5.821293146573286776e+02 1.316192668049127601e-01
5.825801900950474419e+02 1.288287636991039820e-01
5.830310655327663198e+02 1.260234414163538263e-01
5.834819409704851978e+02 1.225374438142120687e-01
5.839328164082040757e+02 1.187137609904771601e-01
5.843836918459229537e+02 1.154293754028833663e-01
5.848345672836418316e+02 1.136381143821313250e-01
5.852854427213605959e+02 1.142574860291908218e-01
5.857363181590794738e+02 1.180921231505334679e-01
5.861871935967983518e+02 1.258066861879648668e-01
5.866380690345172297e+02 1.378315889364256364e-01
5.870889444722361077e+02 1.535485264470080324e-01
5.875398199099549856e+02 1.700952987092957946e-01
5.879906953476737499e+02 1.827056429466854814e-01
5.884415707853926278e+02 1.864089624242024068e-01
5.888924462231115058e+02 1.768628448938817377e-01
5.893433216608303837e+02 1.555652487213889934e-01
5.897941970985492617e+02 1.354198922339939770e-01
5.902450725362681396e+02 1.249019443763292603e-01
5.906959479739870176e+02 1.217174377378878181e-01
5.911468234117057818e+02 1.226694578463491392e-01
5.915976988494246598e+02 1.263740995980241477e-01
5.920485742871435377e+02 1.314723728804391423e-01
5.924994497248624157e+02 1.364494364141780325e-01
5.929503251625812936e+02 1.411182981251911106e-01
5.934012006003001716e+02 1.461714559179328743e-01
5.938520760380189358e+02 1.515722034202076907e-01
5.943029514757378138e+02 1.553258236034411599e-01
5.947538269134566917e+02 1.533171738903501835e-01
5.952047023511755697e+02 1.428986414160661744e-01
5.956555777888944476e+02 1.292421015855496069e-01
5.961064532266133256e+02 1.195557217085541218e-01
5.965573286643320898e+02 1.146983997713736658e-01
5.970082041020509678e+02 1.127906501660819877e-01
5.974590795397698457e+02 1.131867467097972674e-01
5.979099549774887237e+02 1.183270463462101768e-01
5.983608304152076016e+02 1.307224649074592571e-01
5.988117058529264796e+02 1.403160758426773846e-01
5.992625812906452438e+02 1.426366923501862782e-01
5.997134567283641218e+02 1.421250271367987816e-01
6.001643321660829997e+02 1.407541214946372021e-01
6.006152076038018777e+02 1.389843711560415362e-01
6.010660830415207556e+02 1.372317068226148740e-01
6.015169584792396336e+02 1.364400241652204970e-01
6.019678339169583978e+02 1.376780234075174747e-01
6.024187093546772758e+02 1.409273013285461951e-01
6.028695847923961537e+02 1.450473757442571621e-01
6.033204602301150317e+02 1.492915014220577985e-01
6.037713356678339096e+02 1.545057577246466973e-01
6.042222111055527876e+02 1.616054062161820237e-01
6.046730865432715518e+02 1.658462400350525223e-01
6.051239619809904298e+02 1.636094250365121572e-01
6.055748374187093077e+02 1.578532656523232436e-01
6.060257128564281857e+02 1.514262666338242747e-01
6.064765882941470636e+02 1.462110893570922332e-01
6.069274637318659416e+02 1.431062004143831834e-01
6.073783391695847058e+02 1.417718786440318735e-01
6.078292146073035838e+02 1.412310886946977762e-01
6.082800900450224617e+02 1.406208057411983681e-01
6.087309654827413397e+02 1.394789240815561271e-01
6.091818409204602176e+02 1.381206622117448490e-01
6.096327163581790956e+02 1.375645836159808677e-01
6.100835917958979735e+02 1.379564595019873163e-01
6.105344672336167378e+02 1.387448143781928878e-01
6.109853426713356157e+02 1.395155804202776462e-01
6.114362181090544937e+02 1.396308474684906931e-01
6.118870935467733716e+02 1.371409422694797320e-01
6.123379689844922495e+02 1.315550310627141006e-01
6.127888444222111275e+02 1.282501681175825525e-01
6.132397198599298918e+02 1.275597625271092106e-01
6.136905952976487697e+02 1.278824552751412214e-01
6.141414707353676476e+02 1.289722330804205508e-01
6.145923461730865256e+02 1.313434502756321287e-01
6.150432216108054035e+02 1.359973609658792215e-01
6.154940970485242815e+02 1.438329226169085540e-01
6.159449724862430458e+02 1.542089707693591882e-01
6.163958479239619237e+02 1.641120394412592109e-01
6.168467233616808016e+02 1.687633019217857355e-01
6.172975987993996796e+02 1.631175459035451025e-01
6.177484742371185575e+02 1.508985918791636294e-01
6.181993496748374355e+02 1.450335058832905311e-01
6.186502251125561997e+02 1.482373992162120402e-01
6.191011005502750777e+02 1.570256131656184162e-01
6.195519759879939556e+02 1.688768564961052876e-01
6.200028514257128336e+02 1.812579852591027219e-01
6.204537268634317115e+02 1.894648960598611931e-01
6.209046023011505895e+02 1.882619469456934536e-01
6.213554777388693537e+02 1.793786229589917625e-01
6.218063531765882317e+02 1.686183266137979420e-01
6.222572286143071096e+02 1.589837219249969624e-01
6.227081040520259876e+02 1.521453698570958135e-01
6.231589794897448655e+02 1.490820261743632524e-01
6.236098549274637435e+02 1.494367573958219897e-01
6.240607303651825077e+02 1.518905865693820911e-01
6.245116058029013857e+02 1.549991735308373919e-01
6.249624812406202636e+02 1.577685946145364615e-01
6.254133566783391416e+02 1.597959279932997523e-01
6.258642321160580195e+02 1.609395659200932860e-01
6.263151075537768975e+02 1.598499402740556630e-01
6.267659829914956617e+02 1.476279735547148253e-01
6.272168584292145397e+02 1.222549225262720557e-01
6.276677338669334176e+02 1.133823294797722675e-01
6.281186093046522956e+02 1.130500299805516917e-01
6.285694847423711735e+02 1.143949564561382443e-01
6.290203601800900515e+02 1.165244188605101122e-01
6.294712356178088157e+02 1.193405596850092842e-01
6.299221110555276937e+02 1.225300812946201190e-01
6.303729864932465716e+02 1.251670301762071447e-01
6.308238619309654496e+02 1.256122594868717413e-01
6.312747373686843275e+02 1.226157236180333565e-01
6.317256128064032055e+02 1.171865933360802248e-01
6.321764882441220834e+02 1.121018320175556360e-01
6.326273636818408477e+02 1.100942634428496991e-01
6.330782391195597256e+02 1.135335799648335697e-01
6.335291145572786036e+02 1.236122255925690694e-01
6.339799899949974815e+02 1.377091920705002526e-01
6.344308654327163595e+02 1.495402609029487517e-01
6.348817408704352374e+02 1.542750383024912852e-01
6.353326163081540017e+02 1.507262469001877936e-01
6.357834917458728796e+02 1.411248821955482513e-01
6.362343671835917576e+02 1.316080441447360638e-01
6.366852426213106355e+02 1.275208318916385419e-01
6.371361180590295135e+02 1.291130830254710038e-01
6.375869934967483914e+02 1.341438887815650516e-01
6.380378689344671557e+02 1.406589900306334517e-01
6.384887443721860336e+02 1.471789317403538744e-01
6.389396198099049116e+02 1.522185114355518454e-01
6.393904952476237895e+02 1.552310642454496903e-01
6.398413706853426675e+02 1.568057364476050930e-01
6.402922461230615454e+02 1.575733063883067164e-01
6.407431215607803097e+02 1.578361807220029778e-01
6.411939969984991876e+02 1.577624363439106281e-01
6.416448724362180656e+02 1.575341672415996874e-01
6.420957478739369435e+02 1.573111588665756511e-01
6.425466233116558215e+02 1.572447419419402970e-01
6.429974987493746994e+02 1.581850985395446552e-01
6.434483741870934637e+02 1.645926170716815184e-01
6.438992496248123416e+02 1.733274472351278572e-01
6.443501250625312196e+02 1.760748851976607077e-01
6.448010005002500975e+02 1.777068376400494920e-01
6.452518759379689754e+02 1.799866926052469118e-01
6.457027513756878534e+02 1.832143832457004684e-01
6.461536268134066177e+02 1.868337450746706818e-01
6.466045022511254956e+02 1.886323387824504483e-01
6.470553776888443736e+02 1.846070027676630365e-01
6.475062531265632515e+02 1.721750341436220078e-01
6.479571285642821294e+02 1.548826123695517809e-01
6.484080040020010074e+02 1.395367950842563987e-01
6.488588794397197717e+02 1.292771895923332526e-01
6.493097548774386496e+02 1.233546705043337272e-01
6.497606303151575275e+02 1.200242850177652976e-01
6.502115057528764055e+02 1.178577634394827184e-01
6.506623811905952834e+02 1.162320454127009628e-01
6.511132566283141614e+02 1.155716005952271003e-01
6.515641320660330393e+02 1.159799380967634769e-01
6.520150075037518036e+02 1.173392332960345036e-01
6.524658829414706815e+02 1.195820064071490829e-01
6.529167583791895595e+02 1.221001915332064897e-01
6.533676338169084374e+02 1.241444771323022417e-01
6.538185092546273154e+02 1.256771062625930413e-01
6.542693846923461933e+02 1.273431561650589239e-01
6.547202601300649576e+02 1.305081938578636636e-01
6.551711355677838355e+02 1.370179570661090307e-01
6.556220110055027135e+02 1.456515054754741190e-01
6.560728864432215914e+02 1.521914733854457247e-01
6.565237618809404694e+02 1.569240916047197065e-01
6.569746373186593473e+02 1.624810093138359945e-01
6.574255127563781116e+02 1.696867263574899642e-01
6.578763881940969895e+02 1.771989864357225719e-01
6.583272636318158675e+02 1.845558545481768009e-01
6.587781390695347454e+02 1.937059176712667696e-01
6.592290145072536234e+02 2.053464604255863246e-01
6.596798899449725013e+02 2.154060218086948919e-01
6.601307653826912656e+02 2.205140973309084318e-01
6.605816408204101435e+02 2.215687365924227381e-01
6.610325162581290215e+02 2.192680988617888016e-01
6.614833916958478994e+02 2.102314982485171402e-01
6.619342671335667774e+02 1.880737490947856638e-01
6.623851425712856553e+02 1.610286654569918763e-01
6.628360180090044196e+02 1.456979940037966548e-01
6.632868934467232975e+02 1.397614581372061959e-01
6.637377688844421755e+02 1.370428182070754786e-01
6.641886443221610534e+02 1.351121701095444327e-01
6.646395197598799314e+02 1.340263477711120532e-01
6.650903951975988093e+02 1.356408829873830268e-01
6.655412706353175736e+02 1.412382336777890934e-01
6.659921460730364515e+02 1.494345655301813347e-01
6.664430215107553295e+02 1.573325770141654201e-01
6.668938969484742074e+02 1.604867649749027458e-01
6.673447723861930854e+02 1.550861164830241445e-01
6.677956478239119633e+02 1.450330408253151793e-01
6.682465232616307276e+02 1.374376877315543199e-01
6.686973986993496055e+02 1.339998254687202739e-01
6.691482741370684835e+02 1.336026460414222738e-01
6.695991495747873614e+02 1.351381438189777073e-01
6.700500250125062394e+02 1.376795159807353008e-01
6.705009004502251173e+02 1.403833014276108793e-01
6.709517758879438816e+02 1.426189242167390514e-01
6.714026513256627595e+02 1.435283493120617648e-01
6.718535267633816375e+02 1.389728524103296392e-01
6.723044022011005154e+02 1.276811574019104945e-01
6.727552776388193934e+02 1.230941713135543236e-01
6.732061530765382713e+02 1.218750634487025947e-01
6.736570285142571493e+02 1.210031103982740219e-01
6.741079039519759135e+02 1.200502795091914071e-01
6.745587793896947915e+02 1.190280286361758699e-01
6.750096548274136694e+02 1.181072131678873871e-01
6.754605302651325474e+02 1.178284592007524251e-01
6.759114057028514253e+02 1.196175676158711676e-01
6.763622811405703033e+02 1.250104171128602892e-01
6.768131565782890675e+02 1.312931126934550330e-01
6.772640320160079455e+02 1.343449576249530486e-01
6.777149074537268234e+02 1.347120658006900618e-01
6.781657828914457014e+02 1.348499687703758609e-01
6.786166583291645793e+02 1.374060209554164858e-01
6.790675337668834572e+02 1.436018085598572691e-01
6.795184092046022215e+02 1.524673532935910403e-01
6.799692846423210995e+02 1.608983670225907492e-01
6.804201600800399774e+02 1.632556345035623691e-01
6.808710355177588553e+02 1.562565950980012719e-01
6.813219109554777333e+02 1.463784171382567223e-01
6.817727863931966112e+02 1.410691866046407950e-01
6.822236618309153755e+02 1.406152410170197209e-01
6.826745372686342535e+02 1.423174933442825640e-01
6.831254127063531314e+02 1.434031691414675291e-01
6.835762881440720093e+02 1.420628789139639636e-01
6.840271635817908873e+02 1.391352228678718050e-01
6.844780390195097652e+02 1.366685818784742767e-01
6.849289144572285295e+02 1.352770585299694905e-01
6.853797898949474074e+02 1.345971387359356508e-01
6.858306653326662854e+02 1.340165478517972020e-01
6.862815407703851633e+02 1.312288864447416770e-01
6.867324162081040413e+02 1.211824852687375248e-01
6.871832916458229192e+02 1.151306974384621873e-01
6.876341670835416835e+02 1.142535551551427941e-01
6.880850425212605614e+02 1.141860689944490109e-01
6.885359179589794394e+02 1.142640988568759258e-01
6.889867933966983173e+02 1.146175042550403728e-01
6.894376688344171953e+02 1.159312394014710562e-01
6.898885442721360732e+02 1.195369705608231442e-01
6.903394197098548375e+02 1.250679556557849625e-01
6.907902951475737154e+02 1.297143719576989151e-01
6.912411705852925934e+02 1.327705637122973126e-01
6.916920460230114713e+02 1.347578060638520148e-01
6.921429214607303493e+02 1.356583096265502053e-01
6.925937968984492272e+02 1.349905924500743037e-01
6.930446723361681052e+02 1.329070459002756055e-01
6.934955477738868694e+02 1.317748958731147779e-01
6.939464232116057474e+02 1.349465466772724331e-01
6.943972986493246253e+02 1.428844906295716477e-01
6.948481740870435033e+02 1.513409408679264045e-01
6.952990495247623812e+02 1.544377414095199630e-01
6.957499249624812592e+02 1.508775462620509655e-01
6.962008004002000234e+02 1.441878578966116486e-01
6.966516758379189014e+02 1.379736039341196152e-01
6.971025512756377793e+02 1.336045670690646225e-01
6.975534267133566573e+02 1.309217320016945185e-01
6.980043021510755352e+02 1.294141899890456915e-01
6.984551775887944132e+02 1.287142819586731823e-01
6.989060530265131774e+02 1.285069373895839362e-01
6.993569284642320554e+02 1.284268481929213279e-01
6.998078039019509333e+02 1.281470558468220111e-01
7.002586793396698113e+02 1.274228621829815444e-01
7.007095547773886892e+02 1.264409276452325703e-01
7.011604302151075672e+02 1.261944907001800176e-01
7.016113056528263314e+02 1.272738406883138496e-01
7.020621810905452094e+02 1.293115062695659734e-01
7.025130565282640873e+02 1.321673481451947352e-01
7.029639319659829653e+02 1.364845937496978745e-01
7.034148074037018432e+02 1.429437225379090182e-01
7.038656828414207212e+02 1.497097301440372397e-01
7.043165582791394854e+02 1.548387581916245148e-01
7.047674337168583634e+02 1.602992065879592920e-01
7.052183091545772413e+02 1.684306551188016476e-01
7.056691845922961193e+02 1.782498755852786054e-01
7.061200600300149972e+02 1.845537872572061422e-01
7.065709354677338752e+02 1.824186488350376667e-01
7.070218109054526394e+02 1.725191303456466707e-01
7.074726863431715174e+02 1.617308024709797343e-01
7.079235617808903953e+02 1.549826054150259258e-01
7.083744372186092733e+02 1.513798251816716178e-01
7.088253126563281512e+02 1.487566388767203873e-01
7.092761880940470292e+02 1.457344817178402308e-01
7.097270635317657934e+02 1.411243239317902243e-01
7.101779389694846714e+02 1.336226120002103890e-01
7.106288144072035493e+02 1.244608930286278392e-01
7.110796898449224273e+02 1.181000219710299226e-01
7.115305652826413052e+02 1.155746944105737750e-01
7.119814407203601831e+02 1.153101044631328204e-01
7.124323161580789474e+02 1.165854164803594023e-01
7.128831915957978254e+02 1.190968670886521225e-01
7.133340670335167033e+02 1.222240994668780806e-01
7.137849424712355813e+02 1.263207742966282743e-01
7.142358179089544592e+02 1.326222966436537143e-01
7.146866933466733371e+02 1.414877712536282139e-01
7.151375687843922151e+02 1.510610972258173701e-01
7.155884442221109794e+02 1.584560656732027506e-01
7.160393196598298573e+02 1.617656529587558345e-01
7.164901950975487352e+02 1.588727103008149011e-01
7.169410705352676132e+02 1.494088258085798926e-01
7.173919459729864911e+02 1.408846457721803502e-01
7.178428214107053691e+02 1.360076565297396456e-01
7.182936968484241333e+02 1.325208098298501780e-01
7.187445722861430113e+02 1.294020690712227861e-01
7.191954477238618892e+02 1.266501320463350178e-01
7.196463231615807672e+02 1.247752131002823062e-01
7.200971985992996451e+02 1.251874243620367533e-01
7.205480740370185231e+02 1.296889985672495249e-01
7.209989494747372873e+02 1.353641290077386705e-01
7.214498249124561653e+02 1.383349206148584976e-01
7.219007003501750432e+02 1.395415878138301646e-01
7.223515757878939212e+02 1.401118740801328144e-01
7.228024512256127991e+02 1.402238421133901458e-01
7.232533266633316771e+02 1.397847248396059117e-01
7.237042021010504413e+02 1.388076022755775907e-01
7.241550775387693193e+02 1.373154710073413998e-01
7.246059529764881972e+02 1.351756052016214182e-01
7.250568284142070752e+02 1.324734455364604546e-01
7.255077038519259531e+02 1.300108031877850734e-01
7.259585792896448311e+02 1.283452208795395899e-01
7.264094547273635953e+02 1.268913632660346735e-01
7.268603301650824733e+02 1.242553661649133251e-01
7.273112056028013512e+02 1.198852095252617156e-01
7.277620810405202292e+02 1.163811149662397071e-01
7.282129564782391071e+02 1.149737665817285037e-01
7.286638319159579851e+02 1.146109356679214930e-01
7.291147073536767493e+02 1.146486138344649658e-01
7.295655827913956273e+02 1.149784001055651761e-01
7.300164582291145052e+02 1.156275826986308680e-01
7.304673336668333832e+02 1.164134212097825416e-01
7.309182091045522611e+02 1.168807381108674243e-01
7.313690845422711391e+02 1.165639099742894202e-01
7.318199599799899033e+02 1.152177222027353648e-01
7.322708354177087813e+02 1.137276610133552690e-01
7.327217108554276592e+02 1.138578139667131006e-01
7.331725862931465372e+02 1.160287795837634806e-01
7.336234617308654151e+02 1.197710871382499792e-01
7.340743371685842931e+02 1.244615671997710143e-01
7.345252126063030573e+02 1.292241611464676476e-01
7.349760880440219353e+02 1.330368735800982471e-01
7.354269634817408132e+02 1.352278779267656328e-01
7.358778389194596912e+02 1.362541177896258449e-01
7.363287143571785691e+02 1.372279900506266082e-01
7.367795897948974471e+02 1.391133377255105719e-01
7.372304652326163250e+02 1.430205747196026944e-01
7.376813406703350893e+02 1.502545918874598485e-01
7.381322161080539672e+02 1.614179980704022466e-01
7.385830915457728452e+02 1.754095555596980605e-01
7.390339669834917231e+02 1.893017891981572387e-01
7.394848424212106011e+02 1.966778195385279759e-01
7.399357178589294790e+02 1.841166801710740764e-01
7.403865932966482433e+02 1.584148746139730224e-01
7.408374687343671212e+02 1.456359246571671540e-01
7.412883441720859992e+02 1.418755899992456271e-01
7.417392196098048771e+02 1.400777191097464236e-01
7.421900950475237551e+02 1.379005241036937723e-01
7.426409704852426330e+02 1.347987880847441589e-01
7.430918459229613973e+02 1.312236529822779496e-01
7.435427213606802752e+02 1.284174792283835076e-01
7.439935967983991532e+02 1.284674146121475569e-01
7.444444722361180311e+02 1.355213024297652058e-01
7.448953476738369091e+02 1.509760423420641873e-01
7.453462231115557870e+02 1.620631926431205516e-01
7.457970985492745513e+02 1.626062986095409002e-01
7.462479739869934292e+02 1.573286443166303228e-01
7.466988494247123072e+02 1.504642957789372737e-01
7.471497248624311851e+02 1.449333606216467729e-01
7.476006003001500630e+02 1.417200921711082862e-01
7.480514757378689410e+02 1.402832181068615902e-01
7.485023511755877053e+02 1.397592520791245685e-01
7.489532266133065832e+02 1.392978286949934918e-01
7.494041020510254612e+02 1.374109474313215118e-01
7.498549774887443391e+02 1.314157719557915160e-01
7.503058529264632170e+02 1.225255939193110322e-01
7.507567283641820950e+02 1.173737937861793063e-01
7.512076038019008593e+02 1.165703003249493053e-01
7.516584792396197372e+02 1.185927610071356164e-01
7.521093546773386151e+02 1.230586313322622194e-01
7.525602301150574931e+02 1.279916351210036440e-01
7.530111055527763710e+02 1.297575207064148584e-01
7.534619809904952490e+02 1.276975100611881520e-01
7.539128564282140132e+02 1.233775329197669968e-01
7.543637318659328912e+02 1.181052751421736990e-01
7.548146073036517691e+02 1.129967095239218927e-01
7.552654827413706471e+02 1.093090375065529918e-01
7.557163581790895250e+02 1.082244312754660071e-01
7.561672336168084030e+02 1.105648284284667521e-01
7.566181090545272809e+02 1.157596901963819508e-01
7.570689844922460452e+02 1.210960073304607337e-01
7.575198599299649231e+02 1.244489430474711306e-01
7.579707353676838011e+02 1.258691679656940565e-01
7.584216108054026790e+02 1.260980422674932711e-01
7.588724862431215570e+02 1.258239179050827661e-01
7.593233616808404349e+02 1.255020163386470489e-01
7.597742371185591992e+02 1.250548625778960810e-01
7.602251125562780771e+02 1.237308982606502017e-01
7.606759879939969551e+02 1.198004538385065154e-01
7.611268634317158330e+02 1.131048001527172470e-01
7.615777388694347110e+02 1.082236548952767441e-01
7.620286143071535889e+02 1.064261117005253221e-01
7.624794897448723532e+02 1.059497804455033360e-01
7.629303651825912311e+02 1.058854275430338304e-01
7.633812406203101091e+02 1.061094235469911551e-01
7.638321160580289870e+02 1.069303342121220163e-01
7.642829914957478650e+02 1.081993536623177821e-01
7.647338669334667429e+02 1.091705220251877745e-01
7.651847423711855072e+02 1.100768095456843565e-01
7.656356178089043851e+02 1.114085943427204489e-01
7.660864932466232631e+02 1.135859448585664067e-01
7.665373686843421410e+02 1.169562938329991031e-01
7.669882441220610190e+02 1.215135363706253552e-01
7.674391195597798969e+02 1.266148466599139877e-01
7.678899949974986612e+02 1.312449887964023676e-01
7.683408704352175391e+02 1.345611956365644624e-01
7.687917458729364171e+02 1.356177915015195634e-01
7.692426213106552950e+02 1.329750382195434566e-01
7.696934967483741730e+02 1.290002232214189082e-01
7.701443721860930509e+02 1.272326950431142412e-01
7.705952476238118152e+02 1.267783268343978809e-01
7.710461230615306931e+02 1.266789536179903364e-01
7.714969984992495711e+02 1.266579627368784322e-01
7.719478739369684490e+02 1.266521653337837616e-01
7.723987493746873270e+02 1.266286804703160296e-01
7.728496248124062049e+02 1.262817161970926083e-01
7.733005002501249692e+02 1.220550775222265516e-01
7.737513756878438471e+02 1.096949248559249274e-01
7.742022511255627251e+02 1.061744458931810908e-01
7.746531265632816030e+02 1.059036488193402792e-01
7.751040020010004810e+02 1.059045347833272449e-01
7.755548774387193589e+02 1.059756785942664592e-01
7.760057528764381232e+02 1.062541666931816481e-01
7.764566283141570011e+02 1.073107465578915370e-01
7.769075037518758791e+02 1.110108121038163032e-01
7.773583791895947570e+02 1.208180956587594918e-01
7.778092546273136350e+02 1.345187865720267328e-01
7.782601300650325129e+02 1.426811539886868874e-01
7.787110055027513908e+02 1.450300904348943709e-01
7.791618809404701551e+02 1.449879489658590925e-01
7.796127563781890331e+02 1.433805565961911166e-01
7.800636318159079110e+02 1.379186512431532785e-01
7.805145072536267890e+02 1.242432789336480603e-01
7.809653826913456669e+02 1.087552116401732660e-01
7.814162581290645448e+02 1.023282317392611440e-01
7.818671335667833091e+02 1.016400357927644410e-01
7.823180090045021871e+02 1.026443215812768844e-01
7.827688844422210650e+02 1.040631051414551839e-01
7.832197598799399429e+02 1.055784150390708526e-01
7.836706353176588209e+02 1.070986520639801293e-01
7.841215107553776988e+02 1.085383979473804744e-01
7.845723861930964631e+02 1.093010730095945460e-01
7.850232616308153411e+02 1.085484926819798301e-01
7.854741370685342190e+02 1.083440203357691339e-01
7.859250125062530969e+02 1.089145352965924657e-01
7.863758879439719749e+02 1.101509191931244608e-01
7.868267633816908528e+02 1.123313280856689800e-01
7.872776388194096171e+02 1.156650890731114323e-01
7.877285142571284950e+02 1.198393315757482896e-01
7.881793896948473730e+02 1.239462562204378671e-01
7.886302651325662509e+02 1.271660469254083103e-01
7.890811405702851289e+02 1.293483039519762456e-01
7.895320160080040068e+02 1.307991622297234036e-01
7.899828914457227711e+02 1.317848760157428467e-01
7.904337668834416490e+02 1.325165371493926825e-01
7.908846423211605270e+02 1.332220724998953165e-01
7.913355177588794049e+02 1.339742691065785030e-01
7.917863931965982829e+02 1.346815869195192583e-01
7.922372686343171608e+02 1.349823760218151203e-01
7.926881440720359251e+02 1.337108092127074488e-01
7.931390195097548030e+02 1.284198442943877139e-01
7.935898949474736810e+02 1.199115035657483397e-01
7.940407703851925589e+02 1.143957166341279530e-01
7.944916458229114369e+02 1.124684657914893637e-01
7.949425212606303148e+02 1.119422491761314781e-01
7.953933966983490791e+02 1.118079156346128422e-01
7.958442721360679570e+02 1.117741198643137646e-01
7.962951475737868350e+02 1.117659922166210490e-01
7.967460230115057129e+02 1.117720195676597250e-01
7.971968984492245909e+02 1.119486033997454527e-01
7.976477738869434688e+02 1.147740490845924055e-01
7.980986493246623468e+02 1.214613788215970491e-01
7.985495247623811110e+02 1.225464751866880975e-01
7.990004002000999890e+02 1.226014216369721438e-01
7.994512756378188669e+02 1.226039263653276867e-01
7.999021510755377449e+02 1.226040461357427724e-01
8.003530265132566228e+02 1.226041003790045297e-01
8.008039019509755008e+02 1.226045617164108897e-01
8.012547773886942650e+02 1.226089916381331579e-01
8.017056528264131430e+02 1.226516240653620776e-01
8.021565282641320209e+02 1.230592415646672294e-01
8.026074037018508989e+02 1.267167911166890426e-01
8.030582791395697768e+02 1.473512297992991549e-01
8.035091545772886548e+02 1.741236512348222354e-01
8.039600300150074190e+02 1.803640353096956916e-01
8.044109054527262970e+02 1.804552682101694117e-01
8.048617808904451749e+02 1.790167981788862717e-01
8.053126563281640529e+02 1.759143346918731199e-01
8.057635317658829308e+02 1.706111448950207721e-01
8.062144072036018088e+02 1.638453738944280758e-01
8.066652826413205730e+02 1.575668686081737324e-01
8.071161580790394510e+02 1.521415323100858141e-01
8.075670335167583289e+02 1.442111019283102979e-01
8.080179089544772069e+02 1.278726901510890968e-01
8.084687843921960848e+02 1.067224312273991893e-01
8.089196598299149628e+02 9.394187351063407188e-02
8.093705352676337270e+02 8.945490570712254230e-02
8.098214107053526050e+02 8.819847331405006319e-02
8.102722861430714829e+02 8.787027748024489604e-02
8.107231615807903609e+02 8.779233898360090660e-02
8.111740370185092388e+02 8.785607755090774074e-02
8.116249124562281168e+02 8.895072679608651001e-02
8.120757878939468810e+02 1.007847034280109771e-01
8.125266633316657590e+02 1.413103090228848835e-01
8.129775387693846369e+02 1.575702629324415294e-01
8.134284142071035149e+02 1.582897248919084010e-01
8.138792896448223928e+02 1.563173079704726354e-01
8.143301650825412707e+02 1.520619044655444341e-01
8.147810405202600350e+02 1.444291726734621417e-01
8.152319159579789130e+02 1.334082065849977183e-01
8.156827913956977909e+02 1.215874340219443017e-01
8.161336668334166689e+02 1.123412829796311962e-01
8.165845422711355468e+02 1.067364739573057608e-01
8.170354177088544247e+02 1.038474784312771182e-01
8.174862931465731890e+02 1.024822152663659169e-01
8.179371685842920670e+02 1.018635536316721546e-01
8.183880440220109449e+02 1.015885536185267141e-01
8.188389194597298228e+02 1.014673608059958043e-01
8.192897948974487008e+02 1.014141537259317521e-01
8.197406703351675787e+02 1.013908334954161244e-01
8.201915457728864567e+02 1.013806201258581896e-01
8.206424212106052209e+02 1.013761487144572010e-01
8.210932966483240989e+02 1.013741926952971273e-01
8.215441720860429768e+02 1.013737638342117470e-01
8.219950475237618548e+02 1.015398502965410427e-01
8.224459229614807327e+02 1.085751740030771184e-01
8.228967983991996107e+02 1.094293205054149426e-01
8.233476738369183749e+02 1.094317249796957631e-01
8.237985492746372529e+02 1.094317318773355696e-01
8.242494247123561308e+02 1.094317327410417595e-01
8.247003001500750088e+02 1.094317335872612568e-01
8.251511755877938867e+02 1.094317344311326046e-01
8.256020510255127647e+02 1.094317352727015580e-01
8.260529264632315289e+02 1.094317361119756526e-01
8.265038019009504069e+02 1.094317369489625352e-01
8.269546773386692848e+02 1.094317377836711708e-01
8.274055527763881628e+02 1.094317386161416245e-01
8.278564282141070407e+02 1.094317394470670363e-01
8.283073036518259187e+02 1.094317402909048831e-01
8.287581790895446829e+02 1.094317414521246007e-01
8.292090545272635609e+02 1.094317493457585971e-01
8.296599299649824388e+02 1.094318991313664724e-01
8.301108054027013168e+02 1.094350362242924868e-01
8.305616808404201947e+02 1.095000632418837161e-01
8.310125562781390727e+02 1.105212455645135650e-01
8.314634317158578369e+02 1.131809991516716657e-01
8.319143071535767149e+02 1.136723305291778563e-01
8.323651825912955928e+02 1.136988712783898875e-01
8.328160580290144708e+02 1.137001400462966522e-01
8.332669334667333487e+02 1.137002011994018708e-01
8.337178089044522267e+02 1.137002057236021074e-01
8.341686843421709909e+02 1.137002166715843920e-01
8.346195597798898689e+02 1.137003455128764440e-01
8.350704352176087468e+02 1.137019970230851856e-01
8.355213106553276248e+02 1.137232697366073603e-01
8.359721860930465027e+02 1.139935575278375468e-01
8.364230615307653807e+02 1.169019303778717073e-01
8.368739369684841449e+02 1.275247358714063362e-01
8.373248124062030229e+02 1.323102026777813189e-01
8.377756878439219008e+02 1.328232461336244508e-01
8.382265632816407788e+02 1.328641938377913834e-01
8.386774387193596567e+02 1.328673760422219574e-01
8.391283141570785347e+02 1.328676239996378072e-01
8.395791895947972989e+02 1.328676444948565794e-01
8.400300650325161769e+02 1.328676473557993676e-01
8.404809404702350548e+02 1.328676487842665177e-01
8.409318159079539328e+02 1.328676473868603547e-01
8.413826913456728107e+02 1.328675278311343133e-01
8.418335667833916887e+02 1.328622701989258248e-01
8.422844422211105666e+02 1.326351726489453930e-01
8.427353176588293309e+02 1.251368456343061875e-01
8.431861930965482088e+02 1.029676174208564166e-01
8.436370685342670868e+02 1.008528089894366736e-01
8.440879439719859647e+02 1.007890912180413184e-01
8.445388194097048427e+02 1.007614810554709472e-01
8.449896948474237206e+02 1.007023426714160202e-01
8.454405702851424849e+02 1.005718010378351401e-01
8.458914457228613628e+02 1.002917533277183776e-01
8.463423211605802408e+02 9.972663872378513539e-02
8.467931965982991187e+02 9.871510968312972867e-02
8.472440720360179967e+02 9.724064911704996539e-02
8.476949474737368746e+02 9.562745544403308817e-02
8.481458229114556389e+02 9.433306830539528454e-02
8.485966983491745168e+02 9.352903480343625897e-02
8.490475737868933948e+02 9.310624642043605070e-02
8.494984492246122727e+02 9.290394409147131882e-02
8.499493246623311506e+02 9.282414952716262768e-02
8.504002001000500286e+02 9.303297259408205289e-02
8.508510755377687929e+02 9.714746332687611285e-02
8.513019509754876708e+02 1.187607774555781148e-01
8.517528264132065488e+02 1.280088921823942238e-01
8.522037018509254267e+02 1.286911133045320621e-01
8.526545772886443046e+02 1.287282897558295058e-01
8.531054527263631826e+02 1.287302785104411651e-01
8.535563281640819469e+02 1.287303858323903538e-01
8.540072036018008248e+02 1.287303926592835157e-01
8.544580790395197027e+02 1.287303941158051412e-01
8.549089544772385807e+02 1.287303952826011344e-01
8.553598299149574586e+02 1.287303964302258796e-01
8.558107053526763366e+02 1.287303975227476194e-01
8.562615807903951008e+02 1.287303954443398124e-01
8.567124562281139788e+02 1.287301976066081433e-01
8.571633316658328567e+02 1.287179082463964508e-01
8.576142071035517347e+02 1.279776734742855693e-01
8.580650825412706126e+02 1.104274712276418213e-01
8.585159579789894906e+02 9.933729818985681526e-02
8.589668334167082548e+02 9.904623247738192360e-02
8.594177088544271328e+02 9.904147536385753126e-02
8.598685842921460107e+02 9.904139886949972493e-02
8.603194597298648887e+02 9.904139813111786927e-02
8.607703351675837666e+02 9.904139861736346861e-02
8.612212106053026446e+02 9.904139912212370223e-02
8.616720860430215225e+02 9.904139962588462409e-02
8.621229614807402868e+02 9.904140012833442808e-02
8.625738369184591647e+02 9.904140062947218437e-02
8.630247123561780427e+02 9.904140112930191753e-02
8.634755877938969206e+02 9.904140162782772150e-02
8.639264632316157986e+02 9.904140212505366248e-02
8.643773386693346765e+02 9.904140262098384828e-02
8.648282141070534408e+02 9.904140311562224797e-02
8.652790895447723187e+02 9.904140360897298323e-02
8.657299649824911967e+02 9.904140410103998149e-02
8.661808404202100746e+02 9.904140459182735057e-02
8.666317158579289526e+02 9.904140508133899012e-02
8.670825912956478305e+02 9.904140556957898023e-02
8.675334667333665948e+02 9.904140605655119278e-02
8.679843421710854727e+02 9.904140654225959683e-02
8.684352176088043507e+02 9.904140702670813368e-02
8.688860930465232286e+02 9.904140750990073072e-02
8.693369684842421066e+02 9.904140799184130151e-02
8.697878439219609845e+02 9.904140847253369018e-02
8.702387193596797488e+02 9.904140895198182415e-02
8.706895947973986267e+02 9.904140943018956145e-02
8.711404702351175047e+02 9.904140990716071846e-02
8.715913456728363826e+02 9.904141038289918098e-02
8.720422211105552606e+02 9.904141085740870987e-02
8.724930965482741385e+02 9.904141133069314928e-02
8.729439719859929028e+02 9.904141180275630174e-02
8.733948474237117807e+02 9.904141227360190036e-02
8.738457228614306587e+02 9.904141274323376154e-02
8.742965982991495366e+02 9.904141321165561840e-02
8.747474737368684146e+02 9.904141367887119018e-02
8.751983491745872925e+02 9.904141414488425166e-02
8.756492246123060568e+02 9.904141460969848043e-02
8.761001000500249347e+02 9.904141507331755412e-02
8.765509754877438127e+02 9.904141553574521972e-02
8.770018509254626906e+02 9.904141599698508547e-02
8.774527263631815686e+02 9.904141645704085672e-02
8.779036018009004465e+02 9.904141691591615559e-02
8.783544772386192108e+02 9.904141737361461806e-02
8.788053526763380887e+02 9.904141783013985234e-02
8.792562281140569667e+02 9.904141828549552218e-02
8.797071035517758446e+02 9.904141873968516641e-02
8.801579789894947226e+02 9.904141919271237937e-02
8.806088544272136005e+02 9.904141964458072767e-02
8.810597298649323648e+02 9.904142009529375013e-02
8.815106053026512427e+02 9.904142054485504110e-02
8.819614807403701207e+02 9.904142099326804227e-02
8.824123561780889986e+02 9.904142144053640351e-02
8.828632316158078766e+02 9.904142188666351099e-02
8.833141070535267545e+02 9.904142233165290354e-02
8.837649824912456324e+02 9.904142277550805062e-02
8.842158579289643967e+02 9.904142321823242168e-02
8.846667333666832747e+02 9.904142365982950003e-02
8.851176088044021526e+02 9.904142410030267185e-02
8.855684842421210305e+02 9.904142453965542048e-02
8.860193596798399085e+02 9.904142497789115984e-02
8.864702351175587864e+02 9.904142541501324837e-02
8.869211105552775507e+02 9.904142585102514162e-02
8.873719859929964286e+02 9.904142628593017028e-02
8.878228614307153066e+02 9.904142671973173440e-02
8.882737368684341845e+02 9.904142715243315076e-02
8.887246123061530625e+02 9.904142758403786106e-02
8.891754877438719404e+02 9.904142801454909883e-02
8.896263631815907047e+02 9.904142844397025025e-02
8.900772386193095826e+02 9.904142887230456271e-02
8.905281140570284606e+02 9.904142929955539465e-02
8.909789894947473385e+02 9.904142972572602122e-02
8.914298649324662165e+02 9.904143015081968981e-02
8.918807403701850944e+02 9.904143057483970336e-02
8.923316158079038587e+02 9.904143099778928150e-02
8.927824912456227366e+02 9.904143141967167163e-02
8.932333666833416146e+02 9.904143184049010729e-02
8.936842421210604925e+02 9.904143226024780811e-02
8.941351175587793705e+02 9.904143267894799374e-02
8.945859929964982484e+02 9.904143309659385608e-02
8.950368684342170127e+02 9.904143351318857313e-02
8.954877438719358906e+02 9.904143392873529517e-02
8.959386193096547686e+02 9.904143434323721407e-02
8.963894947473736465e+02 9.904143475669746621e-02
8.968403701850925245e+02 9.904143516911920186e-02
8.972912456228114024e+02 9.904143558050557128e-02
8.977421210605301667e+02 9.904143599195325276e-02
8.981929964982490446e+02 9.896097786918858774e-02
8.986438719359679226e+02 nan
8.990947473736868005e+02 nan
8.995456228114056785e+02 nan
8.999964982491245564e+02 nan
9.004473736868433207e+02 nan
9.008982491245621986e+02 nan
9.013491245622810766e+02 nan
9.017999999999999545e+02 nan
