5.000000000000000000e-01 1.686711754095991840e-03
9.508754377188594065e-01 6.100256593916110817e-03
1.401750875437718813e+00 1.325691415323898732e-02
1.852626313156578330e+00 2.315667705491714426e-02
2.303501750875437626e+00 3.579952669733451470e-02
2.754377188594296921e+00 5.118542515202717524e-02
3.205252626313156661e+00 6.931430481669505206e-02
3.656128064032015956e+00 9.018605582428611267e-02
4.107003501750875252e+00 1.138005112093511129e-01
4.557878939469734547e+00 1.401574298335990509e-01
5.008754377188593843e+00 1.692564770735711932e-01
5.459629814907453138e+00 2.010972032746314031e-01
5.910505252626313322e+00 2.356790199770806282e-01
6.361380690345172617e+00 2.730011739221833711e-01
6.812256128064031913e+00 3.130627188482769108e-01
7.263131565782891208e+00 3.558624850899603231e-01
7.714007003501750503e+00 4.013990469966624008e-01
8.164882441220608911e+00 4.496706881907007736e-01
8.615757878939469094e+00 5.006753646893028487e-01
9.066633316658329278e+00 5.544106659199875553e-01
9.517508754377187685e+00 6.108737736642465554e-01
9.968384192096047869e+00 6.700614189706235457e-01
1.041925962981490628e+01 7.319698370851068780e-01
1.087013506753376646e+01 7.965947204542423998e-01
1.132101050525262664e+01 8.639311698645407711e-01
1.177188594297148505e+01 9.339736437906317468e-01
1.222276138069034523e+01 1.006715906034186592e+00
1.267363681840920364e+01 1.082150971745899692e+00
1.312451225612806383e+01 1.160271051933793096e+00
1.357538769384692223e+01 1.241067496572736850e+00
1.402626313156578242e+01 1.324530736442384615e+00
1.447713856928464082e+01 1.410650223833612049e+00
1.492801400700350101e+01 1.499414372277053653e+00
1.537888944472236119e+01 1.590810495461318474e+00
1.582976488244121960e+01 1.684824745522930822e+00
1.628064032016008156e+01 1.781442050904881169e+00
1.673151575787893819e+01 1.880646053995778999e+00
1.718239119559779837e+01 1.982419048776932646e+00
1.763326663331665856e+01 2.086741918720009803e+00
1.808414207103551519e+01 2.193594075193290305e+00
1.853501750875437537e+01 2.302953396649587425e+00
1.898589294647323555e+01 2.414796168883655003e+00
1.943676838419209574e+01 2.529097026661127678e+00
1.988764382191095592e+01 2.645828897034491867e+00
2.033851925962981255e+01 2.764962944674179468e+00
2.078939469734867274e+01 2.886468519554343803e+00
2.124027013506753292e+01 3.010313107342986516e+00
2.169114557278639310e+01 3.136462282854730610e+00
2.214202101050525329e+01 3.264879666931331137e+00
2.259289644822410992e+01 3.395526887119834303e+00
2.304377188594297010e+01 3.528363542520964291e+00
2.349464732366183028e+01 3.663347173180393490e+00
2.394552276138069047e+01 3.800433234393192805e+00
2.439639819909954710e+01 3.939575076286335520e+00
2.484727363681840728e+01 4.080723929035849906e+00
2.529814907453726747e+01 4.223828894063594852e+00
2.574902451225612765e+01 4.368836941543819741e+00
2.619989994997498783e+01 4.515692914530851532e+00
2.665077538769384446e+01 4.664339539609891006e+00
2.710165082541270465e+01 4.814717067477144674e+00
2.755252626313156483e+01 4.966397138683309009e+00
2.800340170085042502e+01 4.790007319403498443e+00
2.845427713856928165e+01 3.728025070021442122e+00
2.890515257628814183e+01 3.777285748821867628e+00
2.935602801400700201e+01 3.829243583890737490e+00
2.980690345172586220e+01 3.879328585708686994e+00
3.025777888944472238e+01 3.927564788485952363e+00
3.070865432716357901e+01 3.973986140689495183e+00
3.115952976488243920e+01 4.018630609736582038e+00
3.161040520260129938e+01 4.061540190362142866e+00
3.206128064032016312e+01 4.102762741154457160e+00
3.251215607803901975e+01 4.142360969102380608e+00
3.296303151575787638e+01 4.180449679409298014e+00
3.341390695347674011e+01 4.217344605453904549e+00
3.386478239119559674e+01 4.254145968804343703e+00
3.431565782891445338e+01 4.294931548834708401e+00
3.476653326663331711e+01 4.353779637463977004e+00
3.521740870435217374e+01 4.465056519769737164e+00
3.566828414207103037e+01 4.643139184829608190e+00
3.611915957978989411e+01 4.801742457692141919e+00
3.657003501750875074e+01 4.891236464688543784e+00
3.702091045522761448e+01 4.942723335920073957e+00
3.747178589294647111e+01 4.980368788445186823e+00
3.792266133066532774e+01 5.010632099920500515e+00
3.837353676838419148e+01 5.026178178174084188e+00
3.882441220610304811e+01 4.989797441932746658e+00
3.927528764382191184e+01 4.829913158221934566e+00
3.972616308154076847e+01 4.622641007912990041e+00
4.017703851925962510e+01 4.531798938891452799e+00
4.062791395697848884e+01 4.518834954699338269e+00
4.107878939469734547e+01 4.528240933433934856e+00
4.152966483241620921e+01 4.543322270432243570e+00
4.198054027013506584e+01 4.566550263677077837e+00
4.243141570785392247e+01 4.620199242157068120e+00
4.288229114557278621e+01 4.670113069708736298e+00
4.333316658329164284e+01 4.666320142029925400e+00
4.378404202101050657e+01 4.638664311189085510e+00
4.423491745872936320e+01 4.598736501617434413e+00
4.468579289644821984e+01 4.552415777319075652e+00
4.513666833416708357e+01 4.505267372063613607e+00
4.558754377188594020e+01 4.456956132511812996e+00
4.603841920960479683e+01 4.392602799492141052e+00
4.648929464732366057e+01 4.279408891598913911e+00
4.694017008504251720e+01 4.105184934277095188e+00
4.739104552276138094e+01 3.914180444241018630e+00
4.784192096048023757e+01 3.707188901785553270e+00
4.829279639819909420e+01 3.448364744072611732e+00
4.874367183591795794e+01 3.156000706975341519e+00
4.919454727363681457e+01 2.899260468908355648e+00
4.964542271135567830e+01 2.726527010022583575e+00
5.009629814907453493e+01 2.620727248570810630e+00
5.054717358679339156e+01 2.520707268035189408e+00
5.099804902451225530e+01 2.363572068089596634e+00
5.144892446223111193e+01 2.130093779194685677e+00
5.189979989994997567e+01 1.898574458354051808e+00
5.235067533766883230e+01 1.800994905561090098e+00
5.280155077538768893e+01 1.891104526223556181e+00
5.325242621310655267e+01 2.135336663053997608e+00
5.370330165082540930e+01 2.411950174023835824e+00
5.415417708854426593e+01 2.493751890247956293e+00
5.460505252626312966e+01 2.299387415781287913e+00
5.505592796398198630e+01 2.009936102237803279e+00
5.550680340170085003e+01 1.794224546979340307e+00
5.595767883941970666e+01 1.717456697251141584e+00
5.640855427713856329e+01 1.761891110648793557e+00
5.685942971485742703e+01 1.744104312712215998e+00
5.731030515257628366e+01 1.433649402903925285e+00
5.776118059029514740e+01 1.008623402708356265e+00
5.821205602801400403e+01 7.157787026727570057e-01
5.866293146573286066e+01 5.803894850886995860e-01
5.911380690345172439e+01 5.677395094602147863e-01
5.956468234117058103e+01 6.679022745271983030e-01
6.001555777888944476e+01 9.188731635682364507e-01
6.046643321660830139e+01 1.430867645720532488e+00
6.091730865432715802e+01 2.264746041027829282e+00
6.136818409204602176e+01 2.907635493416972139e+00
6.181905952976487839e+01 2.939324315258577958e+00
6.226993496748374213e+01 2.754169653068052614e+00
6.272081040520259876e+01 2.620875406763446769e+00
6.317168584292145539e+01 2.585135878927496744e+00
6.362256128064031913e+01 2.599900392028609453e+00
6.407343671835917576e+01 2.593244199998728128e+00
6.452431215607803949e+01 2.556037931127510543e+00
6.497518759379688902e+01 2.540987622657821632e+00
6.542606303151575275e+01 2.569991890510813004e+00
6.587693846923461649e+01 2.592828529565601503e+00
6.632781390695348023e+01 2.529742365316695718e+00
6.677868934467232975e+01 2.349557719564199232e+00
6.722956478239119349e+01 2.115654396268360493e+00
6.768044022011005723e+01 1.941049403478992907e+00
6.813131565782890675e+01 1.892254309606644203e+00
6.858219109554777049e+01 1.943734013810634265e+00
6.903306653326663422e+01 2.002838046963081542e+00
6.948394197098548375e+01 1.994492993726993069e+00
6.993481740870434749e+01 1.918076593943142338e+00
7.038569284642321122e+01 1.802178797520572306e+00
7.083656828414206075e+01 1.675386377232567892e+00
7.128744372186092448e+01 1.593735248801995574e+00
7.173831915957978822e+01 1.633322060269461806e+00
7.218919459729865196e+01 1.846930880436475242e+00
7.264007003501750148e+01 2.239752220669196436e+00
7.309094547273636522e+01 2.755076576986750236e+00
7.354182091045522895e+01 3.261295802772353092e+00
7.399269634817407848e+01 3.579792464431552634e+00
7.444357178589294222e+01 3.582662684329831482e+00
7.489444722361180595e+01 3.301931786916542322e+00
7.534532266133065548e+01 2.901748464104127567e+00
7.579619809904951921e+01 2.518989450872908709e+00
7.624707353676838295e+01 2.218573578724309048e+00
7.669794897448724669e+01 2.045790085938583580e+00
7.714882441220609621e+01 2.042534499673932302e+00
7.759969984992495995e+01 2.227225216710984501e+00
7.805057528764382369e+01 2.556412347904676530e+00
7.850145072536267321e+01 2.910514075856954985e+00
7.895232616308153695e+01 3.166910027978241171e+00
7.940320160080040068e+01 3.276218610269062026e+00
7.985407703851925021e+01 3.242870653563369565e+00
8.030495247623811395e+01 3.083509394490194566e+00
8.075582791395697768e+01 2.831285310239551212e+00
8.120670335167582721e+01 2.537459103797314430e+00
8.165757878939469094e+01 2.249019428322574843e+00
8.210845422711355468e+01 2.003654787542669791e+00
8.255932966483241842e+01 1.811652549251293376e+00
8.301020510255126794e+01 1.656768050695591521e+00
8.346108054027013168e+01 1.532860045550000772e+00
8.391195597798899541e+01 1.454252514825080222e+00
8.436283141570784494e+01 1.438807624056982926e+00
8.481370685342670868e+01 1.508333141013161738e+00
8.526458229114557241e+01 1.707408783351949344e+00
8.571545772886442194e+01 2.104043163767299607e+00
8.616633316658328567e+01 2.680632326802379062e+00
8.661720860430214941e+01 3.191911631135605720e+00
8.706808404202101315e+01 3.427608406936180963e+00
8.751895947973986267e+01 3.383703524984584821e+00
8.796983491745872641e+01 3.077028788883569010e+00
8.842071035517759015e+01 2.604073601647914238e+00
8.887158579289643967e+01 2.176228620632050248e+00
8.932246123061530341e+01 1.924470327398397629e+00
8.977333666833416714e+01 1.843568053208413771e+00
9.022421210605301667e+01 1.884698605183353415e+00
9.067508754377188041e+01 2.004601756970013415e+00
9.112596298149074414e+01 2.161945480832775157e+00
9.157683841920959367e+01 2.303094877366164805e+00
9.202771385692845740e+01 2.377693755534739495e+00
9.247858929464732114e+01 2.393008378450139695e+00
9.292946473236618488e+01 2.407657888698448989e+00
9.338034017008503440e+01 2.467083498811329267e+00
9.383121560780389814e+01 2.592158732073539529e+00
9.428209104552276187e+01 2.786998568705769674e+00
9.473296648324161140e+01 3.020205485150557312e+00
9.518384192096047514e+01 3.200495514907791161e+00
9.563471735867933887e+01 3.220819727721655923e+00
9.608559279639818840e+01 3.084113681203670687e+00
9.653646823411705213e+01 2.892746656662728899e+00
9.698734367183591587e+01 2.706609145248211501e+00
9.743821910955476540e+01 2.528691784188248803e+00
9.788909454727362913e+01 2.365860238775074897e+00
9.833996998499249287e+01 2.242249334697179908e+00
9.879084542271135660e+01 2.168167993184824560e+00
9.924172086043020613e+01 2.113212826054683191e+00
9.969259629814906987e+01 2.033805326100838862e+00
1.001434717358679336e+02 1.934255803409943519e+00
1.005943471735867831e+02 1.860033522125885241e+00
1.010452226113056469e+02 1.856440601437939097e+00
1.014960980490245106e+02 1.944442720220014298e+00
1.019469734867433601e+02 2.088159486605042137e+00
1.023978489244622239e+02 2.178303811551032698e+00
1.028487243621810876e+02 2.117664647966951197e+00
1.032995997998999513e+02 1.949993170861843206e+00
1.037504752376188009e+02 1.817238534508802017e+00
1.042013506753376646e+02 1.807077110678709131e+00
1.046522261130565283e+02 1.908577195517736858e+00
1.051031015507753779e+02 2.064161846958081359e+00
1.055539769884942416e+02 2.223487344896053930e+00
1.060048524262131053e+02 2.356219795518013971e+00
1.064557278639319549e+02 2.442510468436611237e+00
1.069066033016508186e+02 2.485393987111137459e+00
1.073574787393696823e+02 2.524199778764307123e+00
1.078083541770885319e+02 2.607276863516699628e+00
1.082592296148073956e+02 2.761233656222745747e+00
1.087101050525262593e+02 2.976319280759684105e+00
1.091609804902451231e+02 3.194521546857418404e+00
1.096118559279639726e+02 3.328855002394496498e+00
1.100627313656828363e+02 3.353987148965855702e+00
1.105136068034017001e+02 3.352081947963524655e+00
1.109644822411205496e+02 3.413630357372307689e+00
1.114153576788394133e+02 3.566430327241218556e+00
1.118662331165582771e+02 3.776753590872842459e+00
1.123171085542771266e+02 3.957357325075039789e+00
1.127679839919959903e+02 4.031303919096023591e+00
1.132188594297148541e+02 4.006020955536492956e+00
1.136697348674337178e+02 3.918891849646352732e+00
1.141206103051525673e+02 3.738064580486521571e+00
1.145714857428714311e+02 3.337418694573450750e+00
1.150223611805902948e+02 2.680931995071722529e+00
1.154732366183091443e+02 2.021161218635822543e+00
1.159241120560280081e+02 1.586663967643353823e+00
1.163749874937468718e+02 1.391400784023791193e+00
1.168258629314657213e+02 1.379792030260100555e+00
1.172767383691845851e+02 1.503138864371192707e+00
1.177276138069034488e+02 1.693228329982096936e+00
1.181784892446222983e+02 1.830481153826936325e+00
1.186293646823411621e+02 1.839803136231571434e+00
1.190802401200600258e+02 1.800044627959900279e+00
1.195311155577788895e+02 1.831223138904924053e+00
1.199819909954977390e+02 1.985716336674961724e+00
1.204328664332166028e+02 2.244395814900423058e+00
1.208837418709354665e+02 2.515223414580456840e+00
1.213346173086543160e+02 2.693124723328638837e+00
1.217854927463731798e+02 2.779377483956368966e+00
1.222363681840920435e+02 2.832556160114360733e+00
1.226872436218108930e+02 2.846113787428022235e+00
1.231381190595297568e+02 2.772974815112581037e+00
1.235889944972486205e+02 2.623035451243016514e+00
1.240398699349674843e+02 2.446155681026739082e+00
1.244907453726863338e+02 2.248393742075750268e+00
1.249416208104051975e+02 2.015492917252919458e+00
1.253924962481240613e+02 1.790420891842293249e+00
1.258433716858429108e+02 1.653311357116570512e+00
1.262942471235617745e+02 1.650404342853856621e+00
1.267451225612806383e+02 1.788374104684189447e+00
1.271959979989994878e+02 2.058405544497899253e+00
1.276468734367183515e+02 2.410104054666239115e+00
1.280977488744372295e+02 2.692115200603553138e+00
1.285486243121560790e+02 2.759913167460567252e+00
1.289994997498749285e+02 2.665443508403894768e+00
1.294503751875937780e+02 2.552888341566813324e+00
1.299012506253126560e+02 2.511650894864644989e+00
1.303521260630315055e+02 2.564361750018331332e+00
1.308030015007503550e+02 2.686504818470649703e+00
1.312538769384692330e+02 2.818192215640940912e+00
1.317047523761880825e+02 2.869659531810276221e+00
1.321556278139069605e+02 2.766272019704806961e+00
1.326065032516258100e+02 2.554187754627923024e+00
1.330573786893446595e+02 2.380074532281192479e+00
1.335082541270635375e+02 2.284459871108439177e+00
1.339591295647823870e+02 2.177841557780794357e+00
1.344100050025012365e+02 2.035480577288512283e+00
1.348608804402201145e+02 1.909540512047829708e+00
1.353117558779389640e+02 1.834456555624764507e+00
1.357626313156578135e+02 1.808682584753695366e+00
1.362135067533766914e+02 1.814962402683063525e+00
1.366643821910955410e+02 1.847325411807183126e+00
1.371152576288143905e+02 1.919013481915694319e+00
1.375661330665332684e+02 2.046238438718508856e+00
1.380170085042521180e+02 2.240567036485388464e+00
1.384678839419709675e+02 2.498875369873635233e+00
1.389187593796898454e+02 2.752877846090351355e+00
1.393696348174086950e+02 2.823390736609333818e+00
1.398205102551275445e+02 2.584808401816759638e+00
1.402713856928464224e+02 2.198932270754872409e+00
1.407222611305652720e+02 1.897733729810272996e+00
1.411731365682841215e+02 1.736482404591325412e+00
1.416240120060029994e+02 1.665907096902546458e+00
1.420748874437218490e+02 1.623059284910455036e+00
1.425257628814407269e+02 1.561904067225105219e+00
1.429766383191595764e+02 1.486276929273295577e+00
1.434275137568784260e+02 1.454535840047442186e+00
1.438783891945973039e+02 1.501759572932604314e+00
1.443292646323161534e+02 1.584684695852502712e+00
1.447801400700350030e+02 1.635728944878821256e+00
1.452310155077538809e+02 1.649420731150176733e+00
1.456818909454727304e+02 1.670863122895585029e+00
1.461327663831915800e+02 1.725445993525487109e+00
1.465836418209104579e+02 1.803854277582398691e+00
1.470345172586293074e+02 1.891481108112525567e+00
1.474853926963481570e+02 1.988988600021461828e+00
1.479362681340670349e+02 2.083215523584437179e+00
1.483871435717858844e+02 2.106536651142697281e+00
1.488380190095047340e+02 2.043004596648597904e+00
1.492888944472236119e+02 1.993189182624243827e+00
1.497397698849424614e+02 2.004938164743881313e+00
1.501906453226613110e+02 2.046247542724255464e+00
1.506415207603801889e+02 2.054413848344172067e+00
1.510923961980990384e+02 1.952349555833503780e+00
1.515432716358178880e+02 1.707039808263862923e+00
1.519941470735367659e+02 1.435862675680527722e+00
1.524450225112556154e+02 1.301431306209038352e+00
1.528958979489744934e+02 1.335466054329154995e+00
1.533467733866933429e+02 1.492074643019021263e+00
1.537976488244121924e+02 1.709913629897859666e+00
1.542485242621310704e+02 1.931505693709955729e+00
1.546993996998499199e+02 2.142470476148158109e+00
1.551502751375687694e+02 2.374946720544064416e+00
1.556011505752876474e+02 2.645084116352721892e+00
1.560520260130064969e+02 2.874653005712966003e+00
1.565029014507253464e+02 2.917748455363730287e+00
1.569537768884442244e+02 2.774672253054759175e+00
1.574046523261630739e+02 2.606081739779869011e+00
1.578555277638819234e+02 2.509679971589759973e+00
1.583064032016008014e+02 2.485384021640220986e+00
1.587572786393196509e+02 2.508483688034939263e+00
1.592081540770385004e+02 2.579705839531953870e+00
1.596590295147573784e+02 2.729135746024434983e+00
1.601099049524762279e+02 2.983524534521258431e+00
1.605607803901950774e+02 3.321700347703386846e+00
1.610116558279139554e+02 3.603592908729961408e+00
1.614625312656328049e+02 3.581054124374037695e+00
1.619134067033516544e+02 3.200735337880641129e+00
1.623642821410705324e+02 2.735477667658360534e+00
1.628151575787893819e+02 2.412748873230406765e+00
1.632660330165082598e+02 2.250397132905786801e+00
1.637169084542271094e+02 2.179953638352400080e+00
1.641677838919459589e+02 2.158368550993000401e+00
1.646186593296648368e+02 2.185603982291352665e+00
1.650695347673836864e+02 2.264318868360983394e+00
1.655204102051025359e+02 2.371775446715448599e+00
1.659712856428214138e+02 2.457445283227062127e+00
1.664221610805402634e+02 2.460843179567569816e+00
1.668730365182591129e+02 2.351052268302682435e+00
1.673239119559779908e+02 2.161735939288203845e+00
1.677747873936968404e+02 1.978998399284222609e+00
1.682256628314156899e+02 1.878434430588892035e+00
1.686765382691345678e+02 1.876233034950092637e+00
1.691274137068534174e+02 1.925141547603074654e+00
1.695782891445722669e+02 1.940883945215630568e+00
1.700291645822911448e+02 1.891144220314480151e+00
1.704800400200099944e+02 1.830733600206110534e+00
1.709309154577288439e+02 1.803051849222073955e+00
1.713817908954477218e+02 1.807390515327810476e+00
1.718326663331665713e+02 1.830373756288944831e+00
1.722835417708854209e+02 1.863455358153152552e+00
1.727344172086042988e+02 1.906685889122227362e+00
1.731852926463231483e+02 1.965237033805974143e+00
1.736361680840420263e+02 2.034543386263119480e+00
1.740870435217608758e+02 2.083379128857298035e+00
1.745379189594797253e+02 2.075574746759085265e+00
1.749887943971986033e+02 2.033250727399222413e+00
1.754396698349174528e+02 2.020795458545109113e+00
1.758905452726363023e+02 2.071478195669087530e+00
1.763414207103551803e+02 2.176911722405568739e+00
1.767922961480740298e+02 2.314949865563903586e+00
1.772431715857928793e+02 2.471256788825750839e+00
1.776940470235117573e+02 2.639278992228162757e+00
1.781449224612306068e+02 2.800762399001198943e+00
1.785957978989494563e+02 2.890072345914751484e+00
1.790466733366683343e+02 2.806058093251827312e+00
1.794975487743871838e+02 2.581207507031467063e+00
1.799484242121060333e+02 2.387106293310562677e+00
1.803992996498249113e+02 2.306410772961836386e+00
1.808501750875437608e+02 2.320105672668987928e+00
1.813010505252626103e+02 2.369438464317906945e+00
1.817519259629814883e+02 2.392967068011757625e+00
1.822028014007003378e+02 2.376153986748305691e+00
1.826536768384191873e+02 2.347408226184719116e+00
1.831045522761380653e+02 2.320878483751917187e+00
1.835554277138569148e+02 2.278097722295204797e+00
1.840063031515757643e+02 2.217562752301811102e+00
1.844571785892946423e+02 2.188257964351573825e+00
1.849080540270134918e+02 2.249254654724630598e+00
1.853589294647323698e+02 2.432761853265982488e+00
1.858098049024512193e+02 2.697759420433518684e+00
1.862606803401700688e+02 2.870394785868731979e+00
1.867115557778889467e+02 2.801247679966039517e+00
1.871624312156077963e+02 2.588588058763094502e+00
1.876133066533266458e+02 2.385038369466288888e+00
1.880641820910455237e+02 2.231100604547709754e+00
1.885150575287643733e+02 2.104059724881006233e+00
1.889659329664832228e+02 1.985612970295418611e+00
1.894168084042021007e+02 1.895919459428061726e+00
1.898676838419209503e+02 1.864174217906599651e+00
1.903185592796397998e+02 1.875157274749545078e+00
1.907694347173586777e+02 1.897538452153176181e+00
1.912203101550775273e+02 1.925662819268664894e+00
1.916711855927963768e+02 1.980468304144874070e+00
1.921220610305152547e+02 2.093538155327158368e+00
1.925729364682341043e+02 2.270146067438476578e+00
1.930238119059529538e+02 2.473333173747589431e+00
1.934746873436718317e+02 2.662285417037821844e+00
1.939255627813906813e+02 2.777485398206793743e+00
1.943764382191095308e+02 2.707541443492910371e+00
1.948273136568284087e+02 2.425570079051668326e+00
1.952781890945472583e+02 2.101117849361868295e+00
1.957290645322661362e+02 1.891317504075324951e+00
1.961799399699849857e+02 1.837865163046376482e+00
1.966308154077038353e+02 1.939439653253552720e+00
1.970816908454227132e+02 2.175050779998280337e+00
1.975325662831415627e+02 2.454032594143843227e+00
1.979834417208604123e+02 2.621414716462800332e+00
1.984343171585792902e+02 2.635888190774219542e+00
1.988851925962981397e+02 2.620381782611392207e+00
1.993360680340169893e+02 2.638369727731730396e+00
1.997869434717358672e+02 2.597778438832740733e+00
2.002378189094547167e+02 2.404667359240864055e+00
2.006886943471735663e+02 2.128058921474015097e+00
2.011395697848924442e+02 1.913071483097393388e+00
2.015904452226112937e+02 1.816039675809577814e+00
2.020413206603301433e+02 1.812666793427018641e+00
2.024921960980490212e+02 1.853071475420898562e+00
2.029430715357678707e+02 1.865009609493727627e+00
2.033939469734867203e+02 1.777798911863304410e+00
2.038448224112055982e+02 1.650634610959720749e+00
2.042956978489244477e+02 1.612379850824103400e+00
2.047465732866432973e+02 1.691028255794148505e+00
2.051974487243621752e+02 1.862568474524471496e+00
2.056483241620810247e+02 2.096499211992573830e+00
2.060991995997999027e+02 2.338875622329101844e+00
2.065500750375187522e+02 2.511208604065338079e+00
2.070009504752376017e+02 2.583519432100550350e+00
2.074518259129564797e+02 2.588612466022489844e+00
2.079027013506753292e+02 2.529698121474278860e+00
2.083535767883941787e+02 2.379428800537338073e+00
2.088044522261130567e+02 2.153105675817833298e+00
2.092553276638319062e+02 1.924864081725738529e+00
2.097062031015507557e+02 1.759000014262342537e+00
2.101570785392696337e+02 1.661898861973531982e+00
2.106079539769884832e+02 1.610683647908732308e+00
2.110588294147073327e+02 1.607257650887499834e+00
2.115097048524262107e+02 1.689032777436240140e+00
2.119605802901450602e+02 1.879526282811520010e+00
2.124114557278639097e+02 2.161750575083041248e+00
2.128623311655827877e+02 2.497932341123116462e+00
2.133132066033016372e+02 2.827331623746126343e+00
2.137640820410204867e+02 3.033710873609307246e+00
2.142149574787393647e+02 2.961257218754793197e+00
2.146658329164582142e+02 2.582265231350806101e+00
2.151167083541770637e+02 2.140392852874830609e+00
2.155675837918959417e+02 1.884300075943587727e+00
2.160184592296147912e+02 1.846831312709238393e+00
2.164693346673336691e+02 1.973793833277752041e+00
2.169202101050525187e+02 2.221770948081081887e+00
2.173710855427713682e+02 2.537788070027075182e+00
2.178219609804902461e+02 2.818907664699940696e+00
2.182728364182090957e+02 2.978040752540795033e+00
2.187237118559279452e+02 3.039121300521521185e+00
2.191745872936468231e+02 3.061200643442008928e+00
2.196254627313656727e+02 3.059182116477723756e+00
2.200763381690845222e+02 3.004538537283008459e+00
2.205272136068034001e+02 2.850593255410875049e+00
2.209780890445222497e+02 2.589081993228914413e+00
2.214289644822410992e+02 2.284756144593762084e+00
2.218798399199599771e+02 2.019807413896066883e+00
2.223307153576788266e+02 1.840592295100769826e+00
2.227815907953976762e+02 1.762870562043248546e+00
2.232324662331165541e+02 1.780808276819411562e+00
2.236833416708354036e+02 1.872971302725143783e+00
2.241342171085542532e+02 2.016160320144261942e+00
2.245850925462731311e+02 2.188555415045841723e+00
2.250359679839919806e+02 2.368293241912811542e+00
2.254868434217108302e+02 2.527368794684615505e+00
2.259377188594297081e+02 2.606426705907079810e+00
2.263885942971485576e+02 2.537770945171943016e+00
2.268394697348674356e+02 2.386850240795637568e+00
2.272903451725862851e+02 2.321007486607690407e+00
2.277412206103051346e+02 2.437502679258300997e+00
2.281920960480240126e+02 2.781803429242309722e+00
2.286429714857428621e+02 3.368197038242138230e+00
2.290938469234617116e+02 4.069779843563416044e+00
2.295447223611805896e+02 4.569589403789631632e+00
2.299955977988994391e+02 4.589129314696898554e+00
2.304464732366182886e+02 4.111836869428636909e+00
2.308973486743371666e+02 3.450629881215596662e+00
2.313482241120560161e+02 2.995958151232712030e+00
2.317990995497748656e+02 2.828578870633068121e+00
2.322499749874937436e+02 2.815435929195021725e+00
2.327008504252125931e+02 2.825386246660097633e+00
2.331517258629314426e+02 2.786289074301699920e+00
2.336026013006503206e+02 2.694903503657198662e+00
2.340534767383691701e+02 2.618652760876275298e+00
2.345043521760880196e+02 2.653283361105102323e+00
2.349552276138068976e+02 2.855085755222828592e+00
2.354061030515257471e+02 3.181064417155564872e+00
2.358569784892445966e+02 3.455771745968164943e+00
2.363078539269634746e+02 3.457254153517389739e+00
2.367587293646823241e+02 3.156870483306079223e+00
2.372096048024012021e+02 2.779282890649743543e+00
2.376604802401200516e+02 2.503081195170501871e+00
2.381113556778389011e+02 2.345605288193744808e+00
2.385622311155577790e+02 2.272164307105073444e+00
2.390131065532766286e+02 2.251757536883689959e+00
2.394639819909954781e+02 2.259803159965345198e+00
2.399148574287143560e+02 2.283252916088080564e+00
2.403657328664332056e+02 2.325008618680197259e+00
2.408166083041520551e+02 2.378812917224823575e+00
2.412674837418709330e+02 2.399071111151384716e+00
2.417183591795897826e+02 2.353499187539687565e+00
2.421692346173086321e+02 2.292193903915857423e+00
2.426201100550275100e+02 2.284374355023957026e+00
2.430709854927463596e+02 2.364391624643560341e+00
2.435218609304652091e+02 2.520835772057405944e+00
2.439727363681840870e+02 2.675449803020482964e+00
2.444236118059029366e+02 2.722133407920217962e+00
2.448744872436217861e+02 2.633466969034838900e+00
2.453253626813406640e+02 2.470135452790972241e+00
2.457762381190595136e+02 2.309705603197711898e+00
2.462271135567783631e+02 2.201470045848653356e+00
2.466779889944972410e+02 2.149483560918513447e+00
2.471288644322160906e+02 2.112001748458050887e+00
2.475797398699349685e+02 2.047365022811186375e+00
2.480306153076538180e+02 1.969569752270305285e+00
2.484814907453726676e+02 1.914625058827130744e+00
2.489323661830915455e+02 1.904604583152362141e+00
2.493832416208103950e+02 1.959469914659672796e+00
2.498341170585292446e+02 2.110717618961679420e+00
2.502849924962481225e+02 2.385241340672672017e+00
2.507358679339669720e+02 2.719076148512368896e+00
2.511867433716858216e+02 2.918920932602842466e+00
2.516376188094046995e+02 2.944276368103345920e+00
2.520884942471235490e+02 2.920934317565436977e+00
2.525393696848423986e+02 2.907736176745198353e+00
2.529902451225612765e+02 2.910562624714718716e+00
2.534411205602801260e+02 2.929247749200674544e+00
2.538919959979989756e+02 2.953337672393665514e+00
2.543428714357178535e+02 2.953333970329308666e+00
2.547937468734367030e+02 2.919628086513083698e+00
2.552446223111555526e+02 2.898310650132618349e+00
2.556954977488744305e+02 2.952310798500667133e+00
2.561463731865932800e+02 3.124303372006292268e+00
2.565972486243121580e+02 3.432540596550507139e+00
2.570481240620309791e+02 3.822407126151521783e+00
2.574989994997498570e+02 4.114921925988354268e+00
2.579498749374687350e+02 4.157228289757480155e+00
2.584007503751875561e+02 3.930099162435702009e+00
2.588516258129064340e+02 3.475619967458935200e+00
2.593025012506253120e+02 2.953241763033237710e+00
2.597533766883441331e+02 2.581991766051352943e+00
2.602042521260630110e+02 2.423952175242149121e+00
2.606551275637818890e+02 2.424340569059024286e+00
2.611060030015007101e+02 2.541274996088520588e+00
2.615568784392195880e+02 2.749794634908139468e+00
2.620077538769384660e+02 2.959942828183566466e+00
2.624586293146572871e+02 2.988133668673964127e+00
2.629095047523761650e+02 2.781973817267944682e+00
2.633603801900950430e+02 2.529543491824302492e+00
2.638112556278139209e+02 2.390006824533271068e+00
2.642621310655327420e+02 2.387427743782363443e+00
2.647130065032516200e+02 2.480240415461929526e+00
2.651638819409704979e+02 2.621478987324443288e+00
2.656147573786893190e+02 2.778583178631270911e+00
2.660656328164081970e+02 2.904871676445590634e+00
2.665165082541270749e+02 2.877995063305554879e+00
2.669673836918458960e+02 2.605988091184617161e+00
2.674182591295647740e+02 2.333155138620222502e+00
2.678691345672836519e+02 2.235538253152127730e+00
2.683200100050024730e+02 2.248707164860835217e+00
2.687708854427213510e+02 2.316426770021868808e+00
2.692217608804402289e+02 2.413863646305486554e+00
2.696726363181590500e+02 2.485069185712839523e+00
2.701235117558779280e+02 2.448373902101317334e+00
2.705743871935968059e+02 2.306554376987615118e+00
2.710252626313156270e+02 2.139859028938439600e+00
2.714761380690345050e+02 2.026016211034629588e+00
2.719270135067533829e+02 2.004687895191343827e+00
2.723778889444722040e+02 2.051306694364958272e+00
2.728287643821910819e+02 2.097206360651362012e+00
2.732796398199099599e+02 2.091063935434687604e+00
2.737305152576287810e+02 2.040925126238039677e+00
2.741813906953476589e+02 2.006744065753529593e+00
2.746322661330665369e+02 2.044843422820455725e+00
2.750831415707853580e+02 2.174968668831646301e+00
2.755340170085042359e+02 2.399943882933698536e+00
2.759848924462231139e+02 2.708378045151975222e+00
2.764357678839419350e+02 2.990277316884719649e+00
2.768866433216608129e+02 3.016596663319415228e+00
2.773375187593796909e+02 2.727559946171896677e+00
2.777883941970985120e+02 2.335716307024329641e+00
2.782392696348173899e+02 2.070865867830582907e+00
2.786901450725362679e+02 2.018260449072938556e+00
2.791410205102550890e+02 2.164080948270290516e+00
2.795918959479739669e+02 2.490507980743938532e+00
2.800427713856928449e+02 2.992389030093502544e+00
2.804936468234116660e+02 3.607356189497478383e+00
2.809445222611305439e+02 4.143320247430517966e+00
2.813953976988494219e+02 4.366986306489505587e+00
2.818462731365682430e+02 4.219759519862531505e+00
2.822971485742871209e+02 3.879608859530058407e+00
2.827480240120059989e+02 3.550418339602076756e+00
2.831988994497248200e+02 3.310715135978307355e+00
2.836497748874436979e+02 3.173412138062384091e+00
2.841006503251625759e+02 3.118711399923130401e+00
2.845515257628814538e+02 3.087641792354698378e+00
2.850024012006002749e+02 3.043220477998823448e+00
2.854532766383191529e+02 3.001603710324147301e+00
2.859041520760380308e+02 2.997257717129963694e+00
2.863550275137568519e+02 3.055155515824818035e+00
2.868059029514757299e+02 3.165266358280340864e+00
2.872567783891946078e+02 3.269973150165915943e+00
2.877076538269134289e+02 3.314655168943843044e+00
2.881585292646323069e+02 3.296776207020494454e+00
2.886094047023511848e+02 3.236411284731357085e+00
2.890602801400700059e+02 3.138710120807205683e+00
2.895111555777888839e+02 2.978210880653060499e+00
2.899620310155077618e+02 2.719368424252865069e+00
2.904129064532265829e+02 2.422715281554302269e+00
2.908637818909454609e+02 2.240400843554539723e+00
2.913146573286643388e+02 2.218980431771051531e+00
2.917655327663831599e+02 2.310258744752778259e+00
2.922164082041020379e+02 2.458250109706309416e+00
2.926672836418209158e+02 2.605006683175018711e+00
2.931181590795397369e+02 2.702176432427167097e+00
2.935690345172586149e+02 2.749911369242226566e+00
2.940199099549774928e+02 2.794018191788724792e+00
2.944707853926963139e+02 2.864487661041831057e+00
2.949216608304151919e+02 2.938870902547499053e+00
2.953725362681340698e+02 2.977340085618710219e+00
2.958234117058528909e+02 2.954510269566176905e+00
2.962742871435717689e+02 2.865264198964173392e+00
2.967251625812906468e+02 2.732637469342546588e+00
2.971760380190094679e+02 2.605098836330598466e+00
2.976269134567283459e+02 2.529775250764961569e+00
2.980777888944472238e+02 2.522819346739204160e+00
2.985286643321660449e+02 2.562313721974088132e+00
2.989795397698849229e+02 2.585028294392667458e+00
2.994304152076038008e+02 2.490647441796081996e+00
2.998812906453226219e+02 2.252125983713676671e+00
3.003321660830414999e+02 2.001944113463578478e+00
3.007830415207603778e+02 1.865988543012558232e+00
3.012339169584791989e+02 1.864768820095315416e+00
3.016847923961980769e+02 1.948960639672614459e+00
3.021356678339169548e+02 2.031845805262753046e+00
3.025865432716357759e+02 2.060225077950462502e+00
3.030374187093546539e+02 2.051268594137646950e+00
3.034882941470735318e+02 2.036301129606255866e+00
3.039391695847923529e+02 2.026757847267423696e+00
3.043900450225112309e+02 2.014538985947813554e+00
3.048409204602301088e+02 1.986201641141080554e+00
3.052917958979489867e+02 1.948799281512622494e+00
3.057426713356678079e+02 1.934695689149303455e+00
3.061935467733866858e+02 1.979802250192209678e+00
3.066444222111055637e+02 2.085454852035840467e+00
3.070952976488243849e+02 2.192191218669754971e+00
3.075461730865432628e+02 2.227310446928031595e+00
3.079970485242621407e+02 2.183093018312182387e+00
3.084479239619809618e+02 2.117236868266043182e+00
3.088987993996998398e+02 2.086225665540625496e+00
3.093496748374187177e+02 2.113608130523305650e+00
3.098005502751375388e+02 2.205309701381840792e+00
3.102514257128564168e+02 2.355689215234223699e+00
3.107023011505752947e+02 2.526620451640183784e+00
3.111531765882941158e+02 2.642048193549838775e+00
3.116040520260129938e+02 2.661715110428861664e+00
3.120549274637318717e+02 2.609995958498306123e+00
3.125058029014506928e+02 2.519308190036990691e+00
3.129566783391695708e+02 2.421479858581181421e+00
3.134075537768884487e+02 2.360608976241581836e+00
3.138584292146072698e+02 2.365229408379661891e+00
3.143093046523261478e+02 2.415310989883751702e+00
3.147601800900450257e+02 2.459398626646301267e+00
3.152110555277638468e+02 2.454719744635315948e+00
3.156619309654827248e+02 2.408998470429306149e+00
3.161128064032016027e+02 2.379817624403252729e+00
3.165636818409204238e+02 2.411743767906625369e+00
3.170145572786393018e+02 2.507426345456187811e+00
3.174654327163581797e+02 2.625828961857129329e+00
3.179163081540770008e+02 2.698157468217092791e+00
3.183671835917958788e+02 2.692921167539490401e+00
3.188180590295147567e+02 2.650588217997039919e+00
3.192689344672335778e+02 2.633433877131241108e+00
3.197198099049524558e+02 2.662743442754170520e+00
3.201706853426713337e+02 2.708670008116910832e+00
3.206215607803901548e+02 2.714681248471880082e+00
3.210724362181090328e+02 2.632463978045734621e+00
3.215233116558279107e+02 2.467951583737349353e+00
3.219741870935467318e+02 2.299288421993989751e+00
3.224250625312656098e+02 2.223592122466701682e+00
3.228759379689844877e+02 2.290509055703905172e+00
3.233268134067033088e+02 2.494431260280972840e+00
3.237776888444221868e+02 2.796835904418606411e+00
3.242285642821410647e+02 3.139396911233121035e+00
3.246794397198598858e+02 3.458444250407432641e+00
3.251303151575787638e+02 3.706554027602375623e+00
3.255811905952976417e+02 3.851298817963680232e+00
3.260320660330165197e+02 3.827186296774829799e+00
3.264829414707353408e+02 3.544259565276540958e+00
3.269338169084542187e+02 3.122975315514467720e+00
3.273846923461730967e+02 2.793536594341738954e+00
3.278355677838919178e+02 2.623506908394472426e+00
3.282864432216107957e+02 2.597772965998959460e+00
3.287373186593296737e+02 2.671452010864603821e+00
3.291881940970484948e+02 2.780518811655848133e+00
3.296390695347673727e+02 2.863864557794610022e+00
3.300899449724862507e+02 2.894675416962084746e+00
3.305408204102050718e+02 2.896846469472688312e+00
3.309916958479239497e+02 2.911637218585537479e+00
3.314425712856428277e+02 2.953108470458819301e+00
3.318934467233616488e+02 3.007250699561311080e+00
3.323443221610805267e+02 3.038999797967858019e+00
3.327951975987994047e+02 2.969223153611405763e+00
3.332460730365182258e+02 2.718979351856270821e+00
3.336969484742371037e+02 2.384434144050605831e+00
3.341478239119559817e+02 2.149043248995559985e+00
3.345986993496748028e+02 2.073076933209897277e+00
3.350495747873936807e+02 2.155178217897834703e+00
3.355004502251125587e+02 2.413650652707763467e+00
3.359513256628313798e+02 2.866852983057995630e+00
3.364022011005502577e+02 3.457503577850226772e+00
3.368530765382691357e+02 4.054711560275254811e+00
3.373039519759879568e+02 4.526964727031466573e+00
3.377548274137068347e+02 4.677782215064142157e+00
3.382057028514257127e+02 4.359710829708185464e+00
3.386565782891445338e+02 3.771243190639414600e+00
3.391074537268634117e+02 3.200801845704644322e+00
3.395583291645822896e+02 2.772551458131032209e+00
3.400092046023011108e+02 2.493208831663936476e+00
3.404600800400199887e+02 2.327496391875590653e+00
3.409109554777388666e+02 2.241644926484275491e+00
3.413618309154576878e+02 2.216192165359530453e+00
3.418127063531765657e+02 2.228522293050368308e+00
3.422635817908954436e+02 2.238561340958839629e+00
3.427144572286142647e+02 2.225386952348829883e+00
3.431653326663331427e+02 2.213362257958171320e+00
3.436162081040520206e+02 2.235339799202519462e+00
3.440670835417708417e+02 2.310811307507294465e+00
3.445179589794897197e+02 2.448092116709948307e+00
3.449688344172085976e+02 2.631414347369639195e+00
3.454197098549274187e+02 2.802619321957037446e+00
3.458705852926462967e+02 2.885605781606396025e+00
3.463214607303651746e+02 2.837778595941336413e+00
3.467723361680840526e+02 2.701875079540795532e+00
3.472232116058028737e+02 2.604949681688487395e+00
3.476740870435217516e+02 2.618763784753470159e+00
3.481249624812406296e+02 2.710908005131227316e+00
3.485758379189594507e+02 2.828720637455854003e+00
3.490267133566783286e+02 2.948556321772017874e+00
3.494775887943972066e+02 3.069868052157501914e+00
3.499284642321160277e+02 3.183262634208809949e+00
3.503793396698349056e+02 3.239138094552663993e+00
3.508302151075537836e+02 3.172197520754016509e+00
3.512810905452726047e+02 2.989559962686837213e+00
3.517319659829914826e+02 2.766471190851491624e+00
3.521828414207103606e+02 2.558986929997696613e+00
3.526337168584291817e+02 2.382028475690510572e+00
3.530845922961480596e+02 2.250777580057561345e+00
3.535354677338669376e+02 2.215157975472682672e+00
3.539863431715857587e+02 2.302577254758955139e+00
3.544372186093046366e+02 2.464921053298465115e+00
3.548880940470235146e+02 2.616770317661258449e+00
3.553389694847423357e+02 2.671325725872206736e+00
3.557898449224612136e+02 2.612654186971252290e+00
3.562407203601800916e+02 2.527143079532123249e+00
3.566915957978989127e+02 2.512140801004592028e+00
3.571424712356177906e+02 2.612803828301649922e+00
3.575933466733366686e+02 2.837169699301540504e+00
3.580442221110554897e+02 3.192432193631288939e+00
3.584950975487743676e+02 3.674441712923309122e+00
3.589459729864932456e+02 4.183617904141539334e+00
3.593968484242120667e+02 4.502743080916307150e+00
3.598477238619309446e+02 4.515927206109277670e+00
3.602985992996498226e+02 4.339229250069833732e+00
3.607494747373686437e+02 4.107385205131928174e+00
3.612003501750875216e+02 3.850887527517135034e+00
3.616512256128063996e+02 3.576625562170942629e+00
3.621021010505252207e+02 3.311613353928029913e+00
3.625529764882440986e+02 3.042573412007983702e+00
3.630038519259629766e+02 2.743027751720272356e+00
3.634547273636817977e+02 2.447213413767314272e+00
3.639056028014006756e+02 2.228840989802437722e+00
3.643564782391195536e+02 2.127323504679366817e+00
3.648073536768383747e+02 2.139396813601833980e+00
3.652582291145572526e+02 2.236411465682877520e+00
3.657091045522761306e+02 2.359920784759335088e+00
3.661599799899949517e+02 2.451589062527461671e+00
3.666108554277138296e+02 2.485129141288451748e+00
3.670617308654327076e+02 2.449271349052579261e+00
3.675126063031515287e+02 2.342482212193521374e+00
3.679634817408704066e+02 2.203394238306052522e+00
3.684143571785892846e+02 2.094926856114869729e+00
3.688652326163081625e+02 2.044017284142041202e+00
3.693161080540269836e+02 2.044236681692333857e+00
3.697669834917458616e+02 2.088519976347743334e+00
3.702178589294647395e+02 2.184116335599796788e+00
3.706687343671835606e+02 2.331753556833740415e+00
3.711196098049024386e+02 2.460800314536261801e+00
3.715704852426213165e+02 2.529323558832970331e+00
3.720213606803401376e+02 2.582463520514986843e+00
3.724722361180590156e+02 2.654307629888434050e+00
3.729231115557778935e+02 2.759316631908216078e+00
3.733739869934967146e+02 2.905004873561865431e+00
3.738248624312155926e+02 3.106834154675519155e+00
3.742757378689344705e+02 3.401909029753133584e+00
3.747266133066532916e+02 3.814073167121793340e+00
3.751774887443721695e+02 4.262006132387477386e+00
3.756283641820910475e+02 4.555366976434092940e+00
3.760792396198098686e+02 4.529595565248768274e+00
3.765301150575287465e+02 4.145593221366898007e+00
3.769809904952476245e+02 3.546214162041969153e+00
3.774318659329664456e+02 2.978727188150176897e+00
3.778827413706853235e+02 2.586196695010666957e+00
3.783336168084042015e+02 2.370280469173461579e+00
3.787844922461230226e+02 2.290115679983782737e+00
3.792353676838419005e+02 2.317104887884476661e+00
3.796862431215607785e+02 2.429778117565271955e+00
3.801371185592795996e+02 2.588060666140500121e+00
3.805879939969984775e+02 2.739898264528127569e+00
3.810388694347173555e+02 2.861843955248263960e+00
3.814897448724361766e+02 2.958815354574876100e+00
3.819406203101550545e+02 3.028593331822997392e+00
3.823914957478739325e+02 3.043399838994535145e+00
3.828423711855927536e+02 2.979249897166884153e+00
3.832932466233116315e+02 2.873663415253179476e+00
3.837441220610305095e+02 2.796667773440434601e+00
3.841949974987493306e+02 2.770117625578031095e+00
3.846458729364682085e+02 2.768393031740247423e+00
3.850967483741870865e+02 2.765926209901503174e+00
3.855476238119059076e+02 2.767499630215869200e+00
3.859984992496247855e+02 2.798161067944759939e+00
3.864493746873436635e+02 2.871089219343482490e+00
3.869002501250624846e+02 2.965065874920803868e+00
3.873511255627813625e+02 3.026312915177868934e+00
3.878020010005002405e+02 2.975343045217334836e+00
3.882528764382190616e+02 2.756966835558393836e+00
3.887037518759379395e+02 2.518714952985805056e+00
3.891546273136568175e+02 2.433029461583293251e+00
3.896055027513756954e+02 2.444755246520263992e+00
3.900563781890945165e+02 2.463760947755354813e+00
3.905072536268133945e+02 2.453270482610493186e+00
3.909581290645322724e+02 2.433291220672146427e+00
3.914090045022510935e+02 2.479060509927659250e+00
3.918598799399699715e+02 2.675790471292877726e+00
3.923107553776888494e+02 3.026475782105496837e+00
3.927616308154076705e+02 3.418119378979750156e+00
3.932125062531265485e+02 3.719973945851839492e+00
3.936633816908454264e+02 3.879089011494232242e+00
3.941142571285642475e+02 3.876346730063665813e+00
3.945651325662831255e+02 3.638875587333685768e+00
3.950160080040020034e+02 3.168566437379499945e+00
3.954668834417208245e+02 2.718374355232225703e+00
3.959177588794397025e+02 2.468824519198353329e+00
3.963686343171585804e+02 2.392658026264283144e+00
3.968195097548774015e+02 2.427460407671078180e+00
3.972703851925962795e+02 2.520237234903951684e+00
3.977212606303151574e+02 2.615635787615177232e+00
3.981721360680339785e+02 2.677615925861939861e+00
3.986230115057528565e+02 2.690579373458390045e+00
3.990738869434717344e+02 2.642893799022387302e+00
3.995247623811905555e+02 2.542456748195617511e+00
3.999756378189094335e+02 2.436088338885708193e+00
4.004265132566283114e+02 2.386837193940747781e+00
4.008773886943471325e+02 2.458279063420054644e+00
4.013282641320660105e+02 2.686935749416806907e+00
4.017791395697848884e+02 2.965078661807159843e+00
4.022300150075037095e+02 3.126415651621062164e+00
4.026808904452225875e+02 3.141391799739637669e+00
4.031317658829414654e+02 3.032703003821704879e+00
4.035826413206602865e+02 2.820820529730282189e+00
4.040335167583791645e+02 2.574555141767096877e+00
4.044843921960980424e+02 2.394321889432920791e+00
4.049352676338168635e+02 2.304409127352711639e+00
4.053861430715357415e+02 2.263389478056372806e+00
4.058370185092546194e+02 2.243989530688630829e+00
4.062878939469734405e+02 2.257527262128515400e+00
4.067387693846923185e+02 2.348481530388142335e+00
4.071896448224111964e+02 2.577973339849427781e+00
4.076405202601300175e+02 2.938229739651539330e+00
4.080913956978488955e+02 3.186476923339658374e+00
4.085422711355677734e+02 3.077963842204031852e+00
4.089931465732865945e+02 2.791477577229449114e+00
4.094440220110054725e+02 2.556714339523992852e+00
4.098948974487243504e+02 2.434414874141853868e+00
4.103457728864432283e+02 2.428408523699455923e+00
4.107966483241620494e+02 2.548959789375168317e+00
4.112475237618809274e+02 2.791747322053685032e+00
4.116983991995998053e+02 3.067124007451097256e+00
4.121492746373186264e+02 3.234217869316847516e+00
4.126001500750375044e+02 3.254128532033688348e+00
4.130510255127563823e+02 3.176135729669891550e+00
4.135019009504752034e+02 3.049383646590488439e+00
4.139527763881940814e+02 2.907400213093583652e+00
4.144036518259129593e+02 2.778540466168671230e+00
4.148545272636317804e+02 2.688427290396935732e+00
4.153054027013506584e+02 2.647032333284213390e+00
4.157562781390695363e+02 2.627372878817448409e+00
4.162071535767883574e+02 2.567264056143490514e+00
4.166580290145072354e+02 2.423975223932103074e+00
4.171089044522261133e+02 2.230022925250333188e+00
4.175597798899449344e+02 2.076339467945138129e+00
4.180106553276638124e+02 2.036408709342120815e+00
4.184615307653826903e+02 2.106654142136286545e+00
4.189124062031015114e+02 2.243799923178788625e+00
4.193632816408203894e+02 2.408634572835266052e+00
4.198141570785392673e+02 2.561495444005956745e+00
4.202650325162580884e+02 2.667345596138446240e+00
4.207159079539769664e+02 2.730793224823635512e+00
4.211667833916958443e+02 2.810168511443214889e+00
4.216176588294146654e+02 2.958427600970626958e+00
4.220685342671335434e+02 3.129983592838118334e+00
4.225194097048524213e+02 3.173812620039508037e+00
4.229702851425712424e+02 3.038209978771815312e+00
4.234211605802901204e+02 2.863469853903916285e+00
4.238720360180089983e+02 2.758325269351845854e+00
4.243229114557278194e+02 2.747602176184469780e+00
4.247737868934466974e+02 2.834454287440181908e+00
4.252246623311655753e+02 2.962373556968189714e+00
4.256755377688843964e+02 2.983423931945728746e+00
4.261264132066032744e+02 2.866302528622590717e+00
4.265772886443221523e+02 2.717550511923444656e+00
4.270281640820409734e+02 2.634188055290930031e+00
4.274790395197598514e+02 2.674721347768751034e+00
4.279299149574787293e+02 2.848895795588922475e+00
4.283807903951975504e+02 3.113543382641595691e+00
4.288316658329164284e+02 3.388042167529673243e+00
4.292825412706353063e+02 3.527322112636683826e+00
4.297334167083541274e+02 3.355010136531253018e+00
4.301842921460730054e+02 2.972723387429362152e+00
4.306351675837918833e+02 2.626166875088954633e+00
4.310860430215107613e+02 2.394874580491565652e+00
4.315369184592295824e+02 2.281761507943342870e+00
4.319877938969484603e+02 2.274887097293343707e+00
4.324386693346673383e+02 2.321433969079103932e+00
4.328895447723861594e+02 2.344936058455260763e+00
4.333404202101050373e+02 2.321123057579491888e+00
4.337912956478239153e+02 2.290602239305424170e+00
4.342421710855427364e+02 2.322785007154294590e+00
4.346930465232616143e+02 2.453682635434423442e+00
4.351439219609804923e+02 2.632612000480605730e+00
4.355947973986993134e+02 2.762731584643975946e+00
4.360456728364181913e+02 2.783802793040656809e+00
4.364965482741370693e+02 2.721660625443375281e+00
4.369474237118558904e+02 2.646542837563112371e+00
4.373982991495747683e+02 2.586981966562629243e+00
4.378491745872936463e+02 2.518111627572864109e+00
4.383000500250124674e+02 2.422745932896544829e+00
4.387509254627313453e+02 2.330053036551536838e+00
4.392018009004502233e+02 2.280309826480170443e+00
4.396526763381690444e+02 2.296901639822818364e+00
4.401035517758879223e+02 2.380349894589839810e+00
4.405544272136068003e+02 2.498366481282183305e+00
4.410053026513256214e+02 2.606279599492343113e+00
4.414561780890444993e+02 2.678966290828977748e+00
4.419070535267633772e+02 2.708207585352122582e+00
4.423579289644821984e+02 2.695725581385552072e+00
4.428088044022010763e+02 2.666612307555411565e+00
4.432596798399199542e+02 2.642647475046732808e+00
4.437105552776387754e+02 2.607691623871875919e+00
4.441614307153576533e+02 2.549919494549540921e+00
4.446123061530765312e+02 2.490819924946106934e+00
4.450631815907953523e+02 2.458194391005319446e+00
4.455140570285142303e+02 2.454272834120713842e+00
4.459649324662331082e+02 2.462937888106643936e+00
4.464158079039519293e+02 2.460060088795316346e+00
4.468666833416708073e+02 2.415548119726679044e+00
4.473175587793896852e+02 2.325787299071903735e+00
4.477684342171085063e+02 2.247852858377654250e+00
4.482193096548273843e+02 2.237750593692500178e+00
4.486701850925462622e+02 2.293315506665665637e+00
4.491210605302650833e+02 2.382728537523403300e+00
4.495719359679839613e+02 2.473269670028709566e+00
4.500228114057028392e+02 2.528860446757467795e+00
4.504736868434216603e+02 2.504658349359326852e+00
4.509245622811405383e+02 2.378658154389704293e+00
4.513754377188594162e+02 2.205997140029495984e+00
4.518263131565782942e+02 2.083203755336219931e+00
4.522771885942971153e+02 2.054536946694759170e+00
4.527280640320159932e+02 2.096395815848675070e+00
4.531789394697348712e+02 2.148327380852768531e+00
4.536298149074536923e+02 2.168228534201523505e+00
4.540806903451725702e+02 2.162608605547881702e+00
4.545315657828914482e+02 2.156271127403995180e+00
4.549824412206102693e+02 2.169278491149970733e+00
4.554333166583291472e+02 2.213055883643735733e+00
4.558841920960480252e+02 2.276738900332613724e+00
4.563350675337668463e+02 2.311107585977518308e+00
4.567859429714857242e+02 2.291075772626077089e+00
4.572368184092046022e+02 2.264087050751678820e+00
4.576876938469234233e+02 2.274630638343869915e+00
4.581385692846423012e+02 2.338898452686056117e+00
4.585894447223611792e+02 2.460098885709632643e+00
4.590403201600800003e+02 2.625722662132788265e+00
4.594911955977988782e+02 2.792022871804931139e+00
4.599420710355177562e+02 2.895241944609143303e+00
4.603929464732365773e+02 2.879980663166750610e+00
4.608438219109554552e+02 2.703507478409456155e+00
4.612946973486743332e+02 2.389984570983458401e+00
4.617455727863931543e+02 2.089198608166099813e+00
4.621964482241120322e+02 1.943228748901937752e+00
4.626473236618309102e+02 1.971480513471820517e+00
4.630981990995497313e+02 2.128849671666778853e+00
4.635490745372686092e+02 2.330761405344897508e+00
4.639999499749874872e+02 2.458344092412773740e+00
4.644508254127063083e+02 2.465438413102819304e+00
4.649017008504251862e+02 2.418213705052866480e+00
4.653525762881440642e+02 2.395745552246469234e+00
4.658034517258628853e+02 2.440850026193873035e+00
4.662543271635817632e+02 2.573269599236167604e+00
4.667052026013006412e+02 2.792658565806160897e+00
4.671560780390194623e+02 3.051053684131703303e+00
4.676069534767383402e+02 3.235434148090245987e+00
4.680578289144572182e+02 3.252628907776017542e+00
4.685087043521760393e+02 3.152600606180393061e+00
4.689595797898949172e+02 3.042849667715825213e+00
4.694104552276137952e+02 2.958834382022977216e+00
4.698613306653326163e+02 2.888577643239895743e+00
4.703122061030514942e+02 2.827296611011643090e+00
4.707630815407703722e+02 2.782344111891840388e+00
4.712139569784891933e+02 2.749992177547355698e+00
4.716648324162080712e+02 2.723384706437455005e+00
4.721157078539269492e+02 2.725713566572343538e+00
4.725665832916457703e+02 2.803638757388117408e+00
4.730174587293646482e+02 2.963885323667249772e+00
4.734683341670835262e+02 3.154128229919249460e+00
4.739192096048024041e+02 3.307270496661322667e+00
4.743700850425212252e+02 3.364092700685942461e+00
4.748209604802401032e+02 3.264024810536983345e+00
4.752718359179589811e+02 2.967682389980104141e+00
4.757227113556778022e+02 2.580914618931883897e+00
4.761735867933966802e+02 2.315754710984451403e+00
4.766244622311155581e+02 2.235097298232445961e+00
4.770753376688343792e+02 2.297577891388570936e+00
4.775262131065532571e+02 2.471798823079683682e+00
4.779770885442721351e+02 2.717625050324028013e+00
4.784279639819909562e+02 2.952705013747727758e+00
4.788788394197098341e+02 3.079908873987512230e+00
4.793297148574287121e+02 3.035803797910252566e+00
4.797805902951475332e+02 2.827864406351581206e+00
4.802314657328664111e+02 2.547102538543216443e+00
4.806823411705852891e+02 2.299239793515577279e+00
4.811332166083041102e+02 2.130204351786433747e+00
4.815840920460229881e+02 2.039274993175765882e+00
4.820349674837418661e+02 2.013742003450990747e+00
4.824858429214606872e+02 2.035875638036974689e+00
4.829367183591795651e+02 2.078965806703001906e+00
4.833875937968984431e+02 2.125683209129706874e+00
4.838384692346172642e+02 2.187113921235011915e+00
4.842893446723361421e+02 2.277023813346537473e+00
4.847402201100550201e+02 2.376938318971397290e+00
4.851910955477738412e+02 2.457343309002196108e+00
4.856419709854927191e+02 2.510963755770672545e+00
4.860928464232115971e+02 2.542762567170942400e+00
4.865437218609304182e+02 2.554921437049657129e+00
4.869945972986492961e+02 2.545076014117511942e+00
4.874454727363681741e+02 2.508430412426835066e+00
4.878963481740869952e+02 2.447055258151879631e+00
4.883472236118058731e+02 2.391722732366013293e+00
4.887980990495247511e+02 2.378339515194301867e+00
4.892489744872435722e+02 2.408571159947260565e+00
4.896998499249624501e+02 2.475523923409869376e+00
4.901507253626813281e+02 2.572367677623270232e+00
4.906016008004001492e+02 2.677082349864774002e+00
4.910524762381190271e+02 2.759888173354069441e+00
4.915033516758379051e+02 2.795172233005433604e+00
4.919542271135567262e+02 2.764892991675067968e+00
4.924051025512756041e+02 2.706398053005402371e+00
4.928559779889944821e+02 2.686399889387744544e+00
4.933068534267133032e+02 2.691077582960756942e+00
4.937577288644321811e+02 2.670366012567293890e+00
4.942086043021510591e+02 2.590630756328844875e+00
4.946594797398699370e+02 2.458680328713175989e+00
4.951103551775887581e+02 2.336138687237568234e+00
4.955612306153076361e+02 2.285650190681053573e+00
4.960121060530265140e+02 2.306886507604217318e+00
4.964629814907453351e+02 2.368930225745160545e+00
4.969138569284642131e+02 2.454764896444680655e+00
4.973647323661830910e+02 2.542912038328676072e+00
4.978156078039019121e+02 2.579565367145049581e+00
4.982664832416207901e+02 2.539508885816013528e+00
4.987173586793396680e+02 2.468532690905981042e+00
4.991682341170584891e+02 2.418311666808237170e+00
4.996191095547773671e+02 2.414209698971349294e+00
5.000699849924962450e+02 2.457103273282816414e+00
5.005208604302150661e+02 2.525416552123327829e+00
5.009717358679339441e+02 2.588551464009924086e+00
5.014226113056528220e+02 2.617984658480779547e+00
5.018734867433716431e+02 2.591824544101903882e+00
5.023243621810905211e+02 2.527936659744802306e+00
5.027752376188093990e+02 2.500454904073546647e+00
5.032261130565282201e+02 2.558364841862662331e+00
5.036769884942470981e+02 2.688160288802640796e+00
5.041278639319659760e+02 2.855221517177568558e+00
5.045787393696847971e+02 3.016292860012522503e+00
5.050296148074036751e+02 3.106604107369189016e+00
5.054804902451225530e+02 3.084321021423309883e+00
5.059313656828413741e+02 3.012177269174769023e+00
5.063822411205602521e+02 2.944159375717004146e+00
5.068331165582791300e+02 2.837586671494983115e+00
5.072839919959979511e+02 2.651271714149307179e+00
5.077348674337168291e+02 2.411743908044162055e+00
5.081857428714357070e+02 2.188788248363749744e+00
5.086366183091545281e+02 2.042660866516603058e+00
5.090874937468734061e+02 1.996101535849096775e+00
5.095383691845922840e+02 2.030687584017819791e+00
5.099892446223111051e+02 2.109408295051423909e+00
5.104401200600299831e+02 2.214781335974082666e+00
5.108909954977488610e+02 2.366248909886744745e+00
5.113418709354676821e+02 2.577307556883690065e+00
5.117927463731865600e+02 2.785542933176298863e+00
5.122436218109054380e+02 2.939612429177407282e+00
5.126944972486243159e+02 3.051562098175138793e+00
5.131453726863431939e+02 3.125709467354850890e+00
5.135962481240619582e+02 3.121735167516967113e+00
5.140471235617808361e+02 2.955356433141625772e+00
5.144979989994997140e+02 2.594025678366307819e+00
5.149488744372185920e+02 2.205626157984881264e+00
5.153997498749374699e+02 2.006457228889892530e+00
5.158506253126563479e+02 2.028232520049576326e+00
5.163015007503751121e+02 2.169357716628979027e+00
5.167523761880939901e+02 2.289960600994056961e+00
5.172032516258128680e+02 2.327400229118190111e+00
5.176541270635317460e+02 2.331924100373807374e+00
5.181050025012506239e+02 2.351715442937698963e+00
5.185558779389695019e+02 2.386676858656773259e+00
5.190067533766882661e+02 2.401868550386122347e+00
5.194576288144071441e+02 2.360096176430194426e+00
5.199085042521260220e+02 2.297655668549382746e+00
5.203593796898449000e+02 2.273155826883829445e+00
5.208102551275637779e+02 2.282268209108877066e+00
5.212611305652826559e+02 2.302406086547622799e+00
5.217120060030014201e+02 2.323980865435435472e+00
5.221628814407202981e+02 2.353162797734024370e+00
5.226137568784391760e+02 2.402209342906450384e+00
5.230646323161580540e+02 2.453797299097261853e+00
5.235155077538769319e+02 2.451745914070345922e+00
5.239663831915958099e+02 2.384261407717145786e+00
5.244172586293145741e+02 2.284739419552343165e+00
5.248681340670334521e+02 2.186728054382144126e+00
5.253190095047523300e+02 2.116232651286902300e+00
5.257698849424712080e+02 2.084622097479592817e+00
5.262207603801900859e+02 2.086967484504616444e+00
5.266716358179089639e+02 2.112890072444438605e+00
5.271225112556278418e+02 2.154087303162028011e+00
5.275733866933466061e+02 2.193565781014596983e+00
5.280242621310654840e+02 2.199936005413367646e+00
5.284751375687843620e+02 2.176774584711371752e+00
5.289260130065032399e+02 2.149424646954562590e+00
5.293768884442221179e+02 2.127874411816754741e+00
5.298277638819409958e+02 2.113471079640494743e+00
5.302786393196597601e+02 2.103441313928831491e+00
5.307295147573786380e+02 2.089086313160581465e+00
5.311803901950975160e+02 2.061346921908391749e+00
5.316312656328163939e+02 2.029226181913676541e+00
5.320821410705352719e+02 2.022490915805766232e+00
5.325330165082541498e+02 2.069753192808633457e+00
5.329838919459729141e+02 2.179757771878073846e+00
5.334347673836917920e+02 2.330068855915575110e+00
5.338856428214106700e+02 2.465429475425430894e+00
5.343365182591295479e+02 2.532714691208894031e+00
5.347873936968484259e+02 2.532890359182469187e+00
5.352382691345673038e+02 2.520618636911927446e+00
5.356891445722860681e+02 2.561294369557285400e+00
5.361400200100049460e+02 2.673790934469716607e+00
5.365908954477238240e+02 2.799876668894760723e+00
5.370417708854427019e+02 2.886059123888807143e+00
5.374926463231615799e+02 2.937220214995023060e+00
5.379435217608804578e+02 2.971179863709127567e+00
5.383943971985992221e+02 2.990334961499829802e+00
5.388452726363181000e+02 2.997096554910074317e+00
5.392961480740369780e+02 3.027207102380937265e+00
5.397470235117558559e+02 3.117944543464303830e+00
5.401978989494747339e+02 3.260362847737285907e+00
5.406487743871936118e+02 3.420226288488104061e+00
5.410996498249123761e+02 3.541163584325857094e+00
5.415505252626312540e+02 3.555403402941240021e+00
5.420014007003501320e+02 3.440375370898183238e+00
5.424522761380690099e+02 3.246545443888252169e+00
5.429031515757878879e+02 3.063066214729652792e+00
5.433540270135067658e+02 2.958168912391131222e+00
5.438049024512255301e+02 2.932955213462958621e+00
5.442557778889444080e+02 2.938205000308413695e+00
5.447066533266632860e+02 2.904195289374176703e+00
5.451575287643821639e+02 2.791639918191573866e+00
5.456084042021010418e+02 2.639209421603060157e+00
5.460592796398199198e+02 2.500820256158819088e+00
5.465101550775387977e+02 2.392868589052698169e+00
5.469610305152575620e+02 2.312462716431655352e+00
5.474119059529764399e+02 2.263085902629153878e+00
5.478627813906953179e+02 2.267347237525566328e+00
5.483136568284141958e+02 2.362897277035407306e+00
5.487645322661330738e+02 2.582386138328827130e+00
5.492154077038519517e+02 2.911712981797237365e+00
5.496662831415707160e+02 3.196665733819349597e+00
5.501171585792895939e+02 3.201338895530714268e+00
5.505680340170084719e+02 2.960404627259208166e+00
5.510189094547273498e+02 2.734021296299371961e+00
5.514697848924462278e+02 2.696555208443993212e+00
5.519206603301651057e+02 2.879680334155351407e+00
5.523715357678838700e+02 3.171817648625634423e+00
5.528224112056027479e+02 3.349323193941776022e+00
5.532732866433216259e+02 3.261196301853384938e+00
5.537241620810405038e+02 2.960818717009265022e+00
5.541750375187593818e+02 2.610666412446351448e+00
5.546259129564782597e+02 2.330677703214326435e+00
5.550767883941970240e+02 2.158445902471132438e+00
5.555276638319159019e+02 2.083291532399397905e+00
5.559785392696347799e+02 2.068617485858985638e+00
5.564294147073536578e+02 2.066370237865040593e+00
5.568802901450725358e+02 2.047959481646285607e+00
5.573311655827914137e+02 2.015614744627907573e+00
5.577820410205101780e+02 1.985839624026804584e+00
5.582329164582290559e+02 1.974399959889973077e+00
5.586837918959479339e+02 1.982720235370569961e+00
5.591346673336668118e+02 1.988231935260019956e+00
5.595855427713856898e+02 1.970204748583191945e+00
5.600364182091045677e+02 1.934774197251192263e+00
5.604872936468233320e+02 1.901547591518816693e+00
5.609381690845422099e+02 1.886332191330922115e+00
5.613890445222610879e+02 1.895451475790654428e+00
5.618399199599799658e+02 1.926416528263589889e+00
5.622907953976988438e+02 1.970522127561084913e+00
5.627416708354177217e+02 2.019044274726412791e+00
5.631925462731364860e+02 2.071501119780681854e+00
5.636434217108553639e+02 2.141664579342730246e+00
5.640942971485742419e+02 2.255198118307179644e+00
5.645451725862931198e+02 2.424612496202095624e+00
5.649960480240119978e+02 2.624227047655232958e+00
5.654469234617308757e+02 2.804431952606662115e+00
5.658977988994496400e+02 2.911982101666836353e+00
5.663486743371685179e+02 2.940448157906927040e+00
5.667995497748873959e+02 2.948330319780932296e+00
5.672504252126062738e+02 2.996367233354141568e+00
5.677013006503251518e+02 3.063334530634450825e+00
5.681521760880440297e+02 3.026004989440534754e+00
5.686030515257629077e+02 2.859285827017848280e+00
5.690539269634816719e+02 2.678600431305383278e+00
5.695048024012005499e+02 2.558946298490842874e+00
5.699556778389194278e+02 2.524003845599382068e+00
5.704065532766383058e+02 2.597648895298386940e+00
5.708574287143571837e+02 2.793477546083262375e+00
5.713083041520760617e+02 3.047458363381231994e+00
5.717591795897948259e+02 3.240155016811230748e+00
5.722100550275137039e+02 3.275189451760038395e+00
5.726609304652325818e+02 3.091546269655604195e+00
5.731118059029514598e+02 2.752273287537852831e+00
5.735626813406703377e+02 2.450020522004103363e+00
5.740135567783892157e+02 2.300260791364370228e+00
5.744644322161079799e+02 2.287078910577264423e+00
5.749153076538268579e+02 2.345358142953714697e+00
5.753661830915457358e+02 2.400191759175733353e+00
5.758170585292646138e+02 2.412984697633203446e+00
5.762679339669834917e+02 2.428732431973124495e+00
5.767188094047023696e+02 2.490752602635364354e+00
5.771696848424211339e+02 2.596274199855423515e+00
5.776205602801400119e+02 2.710765791689737636e+00
5.780714357178588898e+02 2.763105374078048015e+00
5.785223111555777677e+02 2.696020112961903692e+00
5.789731865932966457e+02 2.541920161855456772e+00
5.794240620310155236e+02 2.352163856154676047e+00
5.798749374687342879e+02 2.136251107042163255e+00
5.803258129064531659e+02 1.915752188097985975e+00
5.807766883441720438e+02 1.754106346456993037e+00
5.812275637818909217e+02 1.720324866285156462e+00
5.816784392196097997e+02 1.858050843291592757e+00
5.821293146573286776e+02 2.133894797551560973e+00
5.825801900950474419e+02 2.399660376822043695e+00
5.830310655327663198e+02 2.554845690462648644e+00
5.834819409704851978e+02 2.631689787215338416e+00
5.839328164082040757e+02 2.689620809317863070e+00
5.843836918459229537e+02 2.761227567367463998e+00
5.848345672836418316e+02 2.850387319705447897e+00
5.852854427213605959e+02 2.922572709352066589e+00
5.857363181590794738e+02 2.905916767944336065e+00
5.861871935967983518e+02 2.806627339559273349e+00
5.866380690345172297e+02 2.728119572747820687e+00
5.870889444722361077e+02 2.699978175607306685e+00
5.875398199099549856e+02 2.692406135850066828e+00
5.879906953476737499e+02 2.662272292707184018e+00
5.884415707853926278e+02 2.565426493631703053e+00
5.888924462231115058e+02 2.398831314530456282e+00
5.893433216608303837e+02 2.206998090144248081e+00
5.897941970985492617e+02 2.041199373957083285e+00
5.902450725362681396e+02 1.939135886992072955e+00
5.906959479739870176e+02 1.909116407311802543e+00
5.911468234117057818e+02 1.919575220141266580e+00
5.915976988494246598e+02 1.930241467227625352e+00
5.920485742871435377e+02 1.923521229379032249e+00
5.924994497248624157e+02 1.897142614692202356e+00
5.929503251625812936e+02 1.856369530167730764e+00
5.934012006003001716e+02 1.817181123148612798e+00
5.938520760380189358e+02 1.798581261357903305e+00
5.943029514757378138e+02 1.805011517740071847e+00
5.947538269134566917e+02 1.827783597761900802e+00
5.952047023511755697e+02 1.860896200095625952e+00
5.956555777888944476e+02 1.916146296186875597e+00
5.961064532266133256e+02 2.026768933019281960e+00
5.965573286643320898e+02 2.217131314696364708e+00
5.970082041020509678e+02 2.444578752853051373e+00
5.974590795397698457e+02 2.614015713481606884e+00
5.979099549774887237e+02 2.669666826065410170e+00
5.983608304152076016e+02 2.599774703192715197e+00
5.988117058529264796e+02 2.429702758370489324e+00
5.992625812906452438e+02 2.274996048883745736e+00
5.997134567283641218e+02 2.246309561892523288e+00
6.001643321660829997e+02 2.330669919194094497e+00
6.006152076038018777e+02 2.476745402799083173e+00
6.010660830415207556e+02 2.667897875477689862e+00
6.015169584792396336e+02 2.919223565073777671e+00
6.019678339169583978e+02 3.214716597578912705e+00
6.024187093546772758e+02 3.440126489097419693e+00
6.028695847923961537e+02 3.506638317561587392e+00
6.033204602301150317e+02 3.458096797477224538e+00
6.037713356678339096e+02 3.358511092243574137e+00
6.042222111055527876e+02 3.217345939680138489e+00
6.046730865432715518e+02 3.024833696654744220e+00
6.051239619809904298e+02 2.877524344651595456e+00
6.055748374187093077e+02 2.800594929117636855e+00
6.060257128564281857e+02 2.736402260603165715e+00
6.064765882941470636e+02 2.670189272517761836e+00
6.069274637318659416e+02 2.613597502168364617e+00
6.073783391695847058e+02 2.584421264062726209e+00
6.078292146073035838e+02 2.587896132719285980e+00
6.082800900450224617e+02 2.600017593769213153e+00
6.087309654827413397e+02 2.574699416117232520e+00
6.091818409204602176e+02 2.501473722734230964e+00
6.096327163581790956e+02 2.440580032859622772e+00
6.100835917958979735e+02 2.466642716744207320e+00
6.105344672336167378e+02 2.622162380905646906e+00
6.109853426713356157e+02 2.843631306075867560e+00
6.114362181090544937e+02 2.961963971636405457e+00
6.118870935467733716e+02 2.923042318206110490e+00
6.123379689844922495e+02 2.810441960804877848e+00
6.127888444222111275e+02 2.734910801937463720e+00
6.132397198599298918e+02 2.795685773196433299e+00
6.136905952976487697e+02 3.064440958167146345e+00
6.141414707353676476e+02 3.483964154126796053e+00
6.145923461730865256e+02 3.710794854710663948e+00
6.150432216108054035e+02 3.458689868582863092e+00
6.154940970485242815e+02 2.940791256648763952e+00
6.159449724862430458e+02 2.475000747612069230e+00
6.163958479239619237e+02 2.180749406253822631e+00
6.168467233616808016e+02 2.055103771740432350e+00
6.172975987993996796e+02 2.076489886592315148e+00
6.177484742371185575e+02 2.244657431495829414e+00
6.181993496748374355e+02 2.557594290166458340e+00
6.186502251125561997e+02 2.898180780089443687e+00
6.191011005502750777e+02 2.958138483766498794e+00
6.195519759879939556e+02 2.601235164443491676e+00
6.200028514257128336e+02 2.158557154364398212e+00
6.204537268634317115e+02 1.902479525301350893e+00
6.209046023011505895e+02 1.851747086767673300e+00
6.213554777388693537e+02 1.993147249471674654e+00
6.218063531765882317e+02 2.296120165150882908e+00
6.222572286143071096e+02 2.542308956616211368e+00
6.227081040520259876e+02 2.547849300024030317e+00
6.231589794897448655e+02 2.404806475631237284e+00
6.236098549274637435e+02 2.237914285043811180e+00
6.240607303651825077e+02 2.112136456252122763e+00
6.245116058029013857e+02 2.051528700762117463e+00
6.249624812406202636e+02 2.050780299885474722e+00
6.254133566783391416e+02 2.096123512322201066e+00
6.258642321160580195e+02 2.174252605057771071e+00
6.263151075537768975e+02 2.264286060118025912e+00
6.267659829914956617e+02 2.341283081350683304e+00
6.272168584292145397e+02 2.392271382879196828e+00
6.276677338669334176e+02 2.415003063633285763e+00
6.281186093046522956e+02 2.400873472270627751e+00
6.285694847423711735e+02 2.357936413866076997e+00
6.290203601800900515e+02 2.323703193803529743e+00
6.294712356178088157e+02 2.311379956509879374e+00
6.299221110555276937e+02 2.320495254270875662e+00
6.303729864932465716e+02 2.350279807525541997e+00
6.308238619309654496e+02 2.399015678902843618e+00
6.312747373686843275e+02 2.463053431134715421e+00
6.317256128064032055e+02 2.529149631931855602e+00
6.321764882441220834e+02 2.536735585136070892e+00
6.326273636818408477e+02 2.458592847650853841e+00
6.330782391195597256e+02 2.376353978116303445e+00
6.335291145572786036e+02 2.303289340119889061e+00
6.339799899949974815e+02 2.232795708637688836e+00
6.344308654327163595e+02 2.166287048459069275e+00
6.348817408704352374e+02 2.111034169162099960e+00
6.353326163081540017e+02 2.075613639503083974e+00
6.357834917458728796e+02 2.056729497685236829e+00
6.362343671835917576e+02 2.027848707575591103e+00
6.366852426213106355e+02 1.940951015181735073e+00
6.371361180590295135e+02 1.769480506665668029e+00
6.375869934967483914e+02 1.600752394308738502e+00
6.380378689344671557e+02 1.520043090092241034e+00
6.384887443721860336e+02 1.515151158986794089e+00
6.389396198099049116e+02 1.586348520587567812e+00
6.393904952476237895e+02 1.796886975795957575e+00
6.398413706853426675e+02 2.204941837361819257e+00
6.402922461230615454e+02 2.664455518321170224e+00
6.407431215607803097e+02 2.972307986219725251e+00
6.411939969984991876e+02 3.143471273253903409e+00
6.416448724362180656e+02 3.231065389305638469e+00
6.420957478739369435e+02 3.218732155868071931e+00
6.425466233116558215e+02 3.098669419830842209e+00
6.429974987493746994e+02 2.922942063306151361e+00
6.434483741870934637e+02 2.750617421758522418e+00
6.438992496248123416e+02 2.591599156786001057e+00
6.443501250625312196e+02 2.390328989742392274e+00
6.448010005002500975e+02 2.101083815861492177e+00
6.452518759379689754e+02 1.874889365449025291e+00
6.457027513756878534e+02 1.814423222405584069e+00
6.461536268134066177e+02 1.845953392200831544e+00
6.466045022511254956e+02 1.911216454109171181e+00
6.470553776888443736e+02 1.982693700890155508e+00
6.475062531265632515e+02 2.044858854778770496e+00
6.479571285642821294e+02 2.091713000411361989e+00
6.484080040020010074e+02 2.125616980664129407e+00
6.488588794397197717e+02 2.158085727031009426e+00
6.493097548774386496e+02 2.218998318789064506e+00
6.497606303151575275e+02 2.363231924106346415e+00
6.502115057528764055e+02 2.604672734421642044e+00
6.506623811905952834e+02 2.803905787180094755e+00
6.511132566283141614e+02 2.839335817256610106e+00
6.515641320660330393e+02 2.753908757961360809e+00
6.520150075037518036e+02 2.655659915371569646e+00
6.524658829414706815e+02 2.630967391246222586e+00
6.529167583791895595e+02 2.688048686824923816e+00
6.533676338169084374e+02 2.782799461856910295e+00
6.538185092546273154e+02 2.872409938149475206e+00
6.542693846923461933e+02 2.935088012196071627e+00
6.547202601300649576e+02 2.964215107763014778e+00
6.551711355677838355e+02 2.946685768644762948e+00
6.556220110055027135e+02 2.839383063188837486e+00
6.560728864432215914e+02 2.690313594249908125e+00
6.565237618809404694e+02 2.626456063586875445e+00
6.569746373186593473e+02 2.611491485205563290e+00
6.574255127563781116e+02 2.604635285326575289e+00
6.578763881940969895e+02 2.586875520664343231e+00
6.583272636318158675e+02 2.529191704509142546e+00
6.587781390695347454e+02 2.413574904927608067e+00
6.592290145072536234e+02 2.296828467972973797e+00
6.596798899449725013e+02 2.210498435879332035e+00
6.601307653826912656e+02 2.143916823862657139e+00
6.605816408204101435e+02 2.104339269340960161e+00
6.610325162581290215e+02 2.117763415270108585e+00
6.614833916958478994e+02 2.219202243934671692e+00
6.619342671335667774e+02 2.442646385162911216e+00
6.623851425712856553e+02 2.782085771707217603e+00
6.628360180090044196e+02 3.127645964154346370e+00
6.632868934467232975e+02 3.317288853908202384e+00
6.637377688844421755e+02 3.305573341600838599e+00
6.641886443221610534e+02 3.172771596909504055e+00
6.646395197598799314e+02 3.010519851165208483e+00
6.650903951975988093e+02 2.868245567795502549e+00
6.655412706353175736e+02 2.758311413161866898e+00
6.659921460730364515e+02 2.673503183767158564e+00
6.664430215107553295e+02 2.608941105102229763e+00
6.668938969484742074e+02 2.559193900312502823e+00
6.673447723861930854e+02 2.509516486045666461e+00
6.677956478239119633e+02 2.461431135720864027e+00
6.682465232616307276e+02 2.430956395793633540e+00
6.686973986993496055e+02 2.445504360099620911e+00
6.691482741370684835e+02 2.535391764088142708e+00
6.695991495747873614e+02 2.708775764335646041e+00
6.700500250125062394e+02 2.912912494408230302e+00
6.705009004502251173e+02 3.040771128001670043e+00
6.709517758879438816e+02 3.039565490961335659e+00
6.714026513256627595e+02 2.964584842517875352e+00
6.718535267633816375e+02 2.880909678905762661e+00
6.723044022011005154e+02 2.785385259676942837e+00
6.727552776388193934e+02 2.573462236556826710e+00
6.732061530765382713e+02 2.237883098815093508e+00
6.736570285142571493e+02 2.068233672965726466e+00
6.741079039519759135e+02 2.027249419294683275e+00
6.745587793896947915e+02 2.016271153775877512e+00
6.750096548274136694e+02 2.008466920006559242e+00
6.754605302651325474e+02 1.995138432740926948e+00
6.759114057028514253e+02 1.968197187383223579e+00
6.763622811405703033e+02 1.930723582088635704e+00
6.768131565782890675e+02 1.918351798905156169e+00
6.772640320160079455e+02 1.958289241221590204e+00
6.777149074537268234e+02 2.038973380233291888e+00
6.781657828914457014e+02 2.134278182029578197e+00
6.786166583291645793e+02 2.215810924389817860e+00
6.790675337668834572e+02 2.257777415968366785e+00
6.795184092046022215e+02 2.234153684182687449e+00
6.799692846423210995e+02 2.142443251732609522e+00
6.804201600800399774e+02 2.053948760265307261e+00
6.808710355177588553e+02 2.034131668335348753e+00
6.813219109554777333e+02 2.064977150120375082e+00
6.817727863931966112e+02 2.104445500086449261e+00
6.822236618309153755e+02 2.125825294822846878e+00
6.826745372686342535e+02 2.125495181365556263e+00
6.831254127063531314e+02 2.118090452712745098e+00
6.835762881440720093e+02 2.118534433427575525e+00
6.840271635817908873e+02 2.125164619904972518e+00
6.844780390195097652e+02 2.123380795969382451e+00
6.849289144572285295e+02 2.104578807399424267e+00
6.853797898949474074e+02 2.078173505948498256e+00
6.858306653326662854e+02 2.065479076527121816e+00
6.862815407703851633e+02 2.088832114581544275e+00
6.867324162081040413e+02 2.172505187083523914e+00
6.871832916458229192e+02 2.317309092729937792e+00
6.876341670835416835e+02 2.460782791810687264e+00
6.880850425212605614e+02 2.551255704658188961e+00
6.885359179589794394e+02 2.601429911835584807e+00
6.889867933966983173e+02 2.635415759417043535e+00
6.894376688344171953e+02 2.664974449920943123e+00
6.898885442721360732e+02 2.701860901263105852e+00
6.903394197098548375e+02 2.770491414114737427e+00
6.907902951475737154e+02 2.873863251676654240e+00
6.912411705852925934e+02 2.932281378739763245e+00
6.916920460230114713e+02 2.916111529685349701e+00
6.921429214607303493e+02 2.872911860423533081e+00
6.925937968984492272e+02 2.832921985043882707e+00
6.930446723361681052e+02 2.806077559972243396e+00
6.934955477738868694e+02 2.792924178001209512e+00
6.939464232116057474e+02 2.785662119207032106e+00
6.943972986493246253e+02 2.765278214808019275e+00
6.948481740870435033e+02 2.729560507666607627e+00
6.952990495247623812e+02 2.714249288171221686e+00
6.957499249624812592e+02 2.730903804600591567e+00
6.962008004002000234e+02 2.775259971757729982e+00
6.966516758379189014e+02 2.842312864477213541e+00
6.971025512756377793e+02 2.915206723995731330e+00
6.975534267133566573e+02 2.937243183182533635e+00
6.980043021510755352e+02 2.794911793050490090e+00
6.984551775887944132e+02 2.505161790091183782e+00
6.989060530265131774e+02 2.293265312650398347e+00
6.993569284642320554e+02 2.201595277705592935e+00
6.998078039019509333e+02 2.162645888675447825e+00
7.002586793396698113e+02 2.141439813476386789e+00
7.007095547773886892e+02 2.129975827010577305e+00
7.011604302151075672e+02 2.126718733690660113e+00
7.016113056528263314e+02 2.124705118121798186e+00
7.020621810905452094e+02 2.108689504978138451e+00
7.025130565282640873e+02 2.062659401405187332e+00
7.029639319659829653e+02 1.989534794787042093e+00
7.034148074037018432e+02 1.926264607273439289e+00
7.038656828414207212e+02 1.913594932967069839e+00
7.043165582791394854e+02 1.968636524159297574e+00
7.047674337168583634e+02 2.084829546296508962e+00
7.052183091545772413e+02 2.214504339293229762e+00
7.056691845922961193e+02 2.294362347541216707e+00
7.061200600300149972e+02 2.307461543368531487e+00
7.065709354677338752e+02 2.272081071262989305e+00
7.070218109054526394e+02 2.212561647812133714e+00
7.074726863431715174e+02 2.162043728226705763e+00
7.079235617808903953e+02 2.165232848694266021e+00
7.083744372186092733e+02 2.258919964868015828e+00
7.088253126563281512e+02 2.419919282535637706e+00
7.092761880940470292e+02 2.540733287468293966e+00
7.097270635317657934e+02 2.551121114810434687e+00
7.101779389694846714e+02 2.474335395536813476e+00
7.106288144072035493e+02 2.341596915195995443e+00
7.110796898449224273e+02 2.168181247380679189e+00
7.115305652826413052e+02 2.007448457041780543e+00
7.119814407203601831e+02 1.936283052298312546e+00
7.124323161580789474e+02 1.967022866700154138e+00
7.128831915957978254e+02 2.079462773803914200e+00
7.133340670335167033e+02 2.250873329965469072e+00
7.137849424712355813e+02 2.448677660604597683e+00
7.142358179089544592e+02 2.668678780297091713e+00
7.146866933466733371e+02 2.966793436234699044e+00
7.151375687843922151e+02 3.312447639859456672e+00
7.155884442221109794e+02 3.396589684187669267e+00
7.160393196598298573e+02 3.119194446810955146e+00
7.164901950975487352e+02 2.736570817755889617e+00
7.169410705352676132e+02 2.420400620489004506e+00
7.173919459729864911e+02 2.203628238396273531e+00
7.178428214107053691e+02 2.065744554775427844e+00
7.182936968484241333e+02 1.980657588897168253e+00
7.187445722861430113e+02 1.930310947102243935e+00
7.191954477238618892e+02 1.904147005675483229e+00
7.196463231615807672e+02 1.902468662472966310e+00
7.200971985992996451e+02 1.977712310315430599e+00
7.205480740370185231e+02 2.394905467556924350e+00
7.209989494747372873e+02 3.267259265965678949e+00
7.214498249124561653e+02 3.640026370312415160e+00
7.219007003501750432e+02 3.570622775764265011e+00
7.223515757878939212e+02 3.375683432634901227e+00
7.228024512256127991e+02 3.146563104165099212e+00
7.232533266633316771e+02 2.930171298522923795e+00
7.237042021010504413e+02 2.764371603012384160e+00
7.241550775387693193e+02 2.693416364469320090e+00
7.246059529764881972e+02 2.832889516835668697e+00
7.250568284142070752e+02 3.330193992969201933e+00
7.255077038519259531e+02 3.872457013654748259e+00
7.259585792896448311e+02 4.112174983563685160e+00
7.264094547273635953e+02 4.164075692892273750e+00
7.268603301650824733e+02 4.109512172125543650e+00
7.273112056028013512e+02 3.905425445072789437e+00
7.277620810405202292e+02 3.537806754767270689e+00
7.282129564782391071e+02 3.203574075579394886e+00
7.286638319159579851e+02 3.036719448486098205e+00
7.291147073536767493e+02 2.975995281830182027e+00
7.295655827913956273e+02 2.950365035685218462e+00
7.300164582291145052e+02 2.912342822501916562e+00
7.304673336668333832e+02 2.798956919620123607e+00
7.309182091045522611e+02 2.612997632862964714e+00
7.313690845422711391e+02 2.492841481694296313e+00
7.318199599799899033e+02 2.440349762746161666e+00
7.322708354177087813e+02 2.406382686427644302e+00
7.327217108554276592e+02 2.369831156390644455e+00
7.331725862931465372e+02 2.314202307603163256e+00
7.336234617308654151e+02 2.218403454672621233e+00
7.340743371685842931e+02 2.098298273990455431e+00
7.345252126063030573e+02 2.032369685420110095e+00
7.349760880440219353e+02 2.068656209195895990e+00
7.354269634817408132e+02 2.229222284392507358e+00
7.358778389194596912e+02 2.522499024429012859e+00
7.363287143571785691e+02 2.821846216717282640e+00
7.367795897948974471e+02 2.942242434661792139e+00
7.372304652326163250e+02 2.921302519500285744e+00
7.376813406703350893e+02 2.903377283843814549e+00
7.381322161080539672e+02 2.974406241270117768e+00
7.385830915457728452e+02 3.151628160216243479e+00
7.390339669834917231e+02 3.399914161359883114e+00
7.394848424212106011e+02 3.656497593411502045e+00
7.399357178589294790e+02 3.847502406886924131e+00
7.403865932966482433e+02 3.753871299239465831e+00
7.408374687343671212e+02 2.940339698303599203e+00
7.412883441720859992e+02 2.399766175792243494e+00
7.417392196098048771e+02 2.345694981141049684e+00
7.421900950475237551e+02 2.390474791906695984e+00
7.426409704852426330e+02 2.456236014794593636e+00
7.430918459229613973e+02 2.531364871113580772e+00
7.435427213606802752e+02 2.606296654448479799e+00
7.439935967983991532e+02 2.654803890480669448e+00
7.444444722361180311e+02 2.617827674639799262e+00
7.448953476738369091e+02 2.467325156735754366e+00
7.453462231115557870e+02 2.324372950868998977e+00
7.457970985492745513e+02 2.277104809797034335e+00
7.462479739869934292e+02 2.298878902901200671e+00
7.466988494247123072e+02 2.351423909551377811e+00
7.471497248624311851e+02 2.404182595445409465e+00
7.476006003001500630e+02 2.424384562575385704e+00
7.480514757378689410e+02 2.369165199049453996e+00
7.485023511755877053e+02 2.240786698236657770e+00
7.489532266133065832e+02 2.160987972569783366e+00
7.494041020510254612e+02 2.168038107684047144e+00
7.498549774887443391e+02 2.209938881874073058e+00
7.503058529264632170e+02 2.253034546039758279e+00
7.507567283641820950e+02 2.277568737167895208e+00
7.512076038019008593e+02 2.262705230844007875e+00
7.516584792396197372e+02 2.194916412316278542e+00
7.521093546773386151e+02 2.105625520791045258e+00
7.525602301150574931e+02 2.061047546550352383e+00
7.530111055527763710e+02 2.088504020740916012e+00
7.534619809904952490e+02 2.173605234996780045e+00
7.539128564282140132e+02 2.287579378568026733e+00
7.543637318659328912e+02 2.390097121894476206e+00
7.548146073036517691e+02 2.419140453745912023e+00
7.552654827413706471e+02 2.300129354538021254e+00
7.557163581790895250e+02 2.044825080181449373e+00
7.561672336168084030e+02 1.795842494912563536e+00
7.566181090545272809e+02 1.643709021815877858e+00
7.570689844922460452e+02 1.571171610932944107e+00
7.575198599299649231e+02 1.540146451758241497e+00
7.579707353676838011e+02 1.527922348713593559e+00
7.584216108054026790e+02 1.530099088514575989e+00
7.588724862431215570e+02 1.618627027462981038e+00
7.593233616808404349e+02 2.182270521809549724e+00
7.597742371185591992e+02 2.679766064836966777e+00
7.602251125562780771e+02 2.748938677166401501e+00
7.606759879939969551e+02 2.754458000883870383e+00
7.611268634317158330e+02 2.754873774175151890e+00
7.615777388694347110e+02 2.754905098619898851e+00
7.620286143071535889e+02 2.754909220064925446e+00
7.624794897448723532e+02 2.754931516983497808e+00
7.629303651825912311e+02 2.755205890976273775e+00
7.633812406203101091e+02 2.758584474633938299e+00
7.638321160580289870e+02 2.796798880270003451e+00
7.642829914957478650e+02 3.012521685583100073e+00
7.647338669334667429e+02 3.195209483725379940e+00
7.651847423711855072e+02 3.221870799660125240e+00
7.656356178089043851e+02 3.224044048813187402e+00
7.660864932466232631e+02 3.223605685567736856e+00
7.665373686843421410e+02 3.220337987345599284e+00
7.669882441220610190e+02 3.203406798376584153e+00
7.674391195597798969e+02 3.123913820657873153e+00
7.678899949974986612e+02 2.865210076258802641e+00
7.683408704352175391e+02 2.507601673721860269e+00
7.687917458729364171e+02 2.319686782342994302e+00
7.692426213106552950e+02 2.256254394391676410e+00
7.696934967483741730e+02 2.242544352149499876e+00
7.701443721860930509e+02 2.270467354359653189e+00
7.705952476238118152e+02 2.357034536125490298e+00
7.710461230615306931e+02 2.500370680789328670e+00
7.714969984992495711e+02 2.622742438163027767e+00
7.719478739369684490e+02 2.619786703886216817e+00
7.723987493746873270e+02 2.514049353217387761e+00
7.728496248124062049e+02 2.415225841230717485e+00
7.733005002501249692e+02 2.406706137999169215e+00
7.737513756878438471e+02 2.530534702436829431e+00
7.742022511255627251e+02 2.737371546511918385e+00
7.746531265632816030e+02 2.856153795750311364e+00
7.751040020010004810e+02 2.790578424354074549e+00
7.755548774387193589e+02 2.612494986821401355e+00
7.760057528764381232e+02 2.440374957318164117e+00
7.764566283141570011e+02 2.332685380505104877e+00
7.769075037518758791e+02 2.280648484053211966e+00
7.773583791895947570e+02 2.252513566034316739e+00
7.778092546273136350e+02 2.216019375944304315e+00
7.782601300650325129e+02 2.150864607456572486e+00
7.787110055027513908e+02 2.077371991185649858e+00
7.791618809404701551e+02 2.030155193844609851e+00
7.796127563781890331e+02 2.009321209763790250e+00
7.800636318159079110e+02 2.001565580617099549e+00
7.805145072536267890e+02 1.998775711503150587e+00
7.809653826913456669e+02 1.996908822224503277e+00
7.814162581290645448e+02 1.986016121887307806e+00
7.818671335667833091e+02 1.926562648056685978e+00
7.823180090045021871e+02 1.877043916306055049e+00
7.827688844422210650e+02 1.869901288327479483e+00
7.832197598799399429e+02 1.869290904964885147e+00
7.836706353176588209e+02 1.869238203132815190e+00
7.841215107553776988e+02 1.869213197296062168e+00
7.845723861930964631e+02 1.869087607176765031e+00
7.850232616308153411e+02 1.868351776916336915e+00
7.854741370685342190e+02 1.864330582707269812e+00
7.859250125062530969e+02 1.848729779040208854e+00
7.863758879439719749e+02 1.825369496194310992e+00
7.868267633816908528e+02 1.815370224726409187e+00
7.872776388194096171e+02 1.814824214886731513e+00
7.877285142571284950e+02 1.821256964468862094e+00
7.881793896948473730e+02 1.848229356268361823e+00
7.886302651325662509e+02 1.948590824254027742e+00
7.890811405702851289e+02 2.239393392082845491e+00
7.895320160080040068e+02 2.674718803785953725e+00
7.899828914457227711e+02 2.889706054569640248e+00
7.904337668834416490e+02 2.867474601867181949e+00
7.908846423211605270e+02 2.765902939572491892e+00
7.913355177588794049e+02 2.654908025817268147e+00
7.917863931965982829e+02 2.556956544056775193e+00
7.922372686343171608e+02 2.478851720854663654e+00
7.926881440720359251e+02 2.420687089846472517e+00
7.931390195097548030e+02 2.379446607584997597e+00
7.935898949474736810e+02 2.351201318974217802e+00
7.940407703851925589e+02 2.332311035687761880e+00
7.944916458229114369e+02 2.319984806601902871e+00
7.949425212606303148e+02 2.316957243087755192e+00
7.953933966983490791e+02 2.328652004202884207e+00
7.958442721360679570e+02 2.328111959402732190e+00
7.962951475737868350e+02 2.324238780349891176e+00
7.967460230115057129e+02 2.316776228196935961e+00
7.971968984492245909e+02 2.302819109637428863e+00
7.976477738869434688e+02 2.277623575639960318e+00
7.980986493246623468e+02 2.234907187355947844e+00
7.985495247623811110e+02 2.169638031007849577e+00
7.990004002000999890e+02 2.084140114874238225e+00
7.994512756378188669e+02 1.991865928963899357e+00
7.999021510755377449e+02 1.909633613027680754e+00
8.003530265132566228e+02 1.843351402376449677e+00
8.008039019509755008e+02 1.782350845279878415e+00
8.012547773886942650e+02 1.714670411127483973e+00
8.017056528264131430e+02 1.660075612634528630e+00
8.021565282641320209e+02 1.635573641613198737e+00
8.026074037018508989e+02 1.628876298094195318e+00
8.030582791395697768e+02 1.631467539853672433e+00
8.035091545772886548e+02 1.649891128169855392e+00
8.039600300150074190e+02 1.704794299930635804e+00
8.044109054527262970e+02 1.780291983958637303e+00
8.048617808904451749e+02 1.821198796845988177e+00
8.053126563281640529e+02 1.833005350907287001e+00
8.057635317658829308e+02 1.835413698344063871e+00
8.062144072036018088e+02 1.837961576888377024e+00
8.066652826413205730e+02 1.852696527367243551e+00
8.071161580790394510e+02 1.890997526505731274e+00
8.075670335167583289e+02 1.945288198561545778e+00
8.080179089544772069e+02 2.005989294441357540e+00
8.084687843921960848e+02 2.070436107478974108e+00
8.089196598299149628e+02 2.135646675003123995e+00
8.093705352676337270e+02 2.192924358126692397e+00
8.098214107053526050e+02 2.217108279132901760e+00
8.102722861430714829e+02 2.179755136909542923e+00
8.107231615807903609e+02 2.125813771323968648e+00
8.111740370185092388e+02 2.094713786397375266e+00
8.116249124562281168e+02 2.065591727364247454e+00
8.120757878939468810e+02 2.005685858365069851e+00
8.125266633316657590e+02 1.900531472982014636e+00
8.129775387693846369e+02 1.802035375308224108e+00
8.134284142071035149e+02 1.755729528283377361e+00
8.138792896448223928e+02 1.743148035467507295e+00
8.143301650825412707e+02 1.739715351561284873e+00
8.147810405202600350e+02 1.732333670029859940e+00
8.152319159579789130e+02 1.715442265904819408e+00
8.156827913956977909e+02 1.692220053626330101e+00
8.161336668334166689e+02 1.671384855478174281e+00
8.165845422711355468e+02 1.657635113825111972e+00
8.170354177088544247e+02 1.649756730108735026e+00
8.174862931465731890e+02 1.642674608474719466e+00
8.179371685842920670e+02 1.617095714461206812e+00
8.183880440220109449e+02 1.551228690126505771e+00
8.188389194597298228e+02 1.517908072358215232e+00
8.192897948974487008e+02 1.512659166870715888e+00
8.197406703351675787e+02 1.512046048958641142e+00
8.201915457728864567e+02 1.511977164341762325e+00
8.206424212106052209e+02 1.511969455527904849e+00
8.210932966483240989e+02 1.511968593155264884e+00
8.215441720860429768e+02 1.511968496818607566e+00
8.219950475237618548e+02 1.511968486200087280e+00
8.224459229614807327e+02 1.511968485173528220e+00
8.228967983991996107e+02 1.511968485219963743e+00
8.233476738369183749e+02 1.511968485386038896e+00
8.237985492746372529e+02 1.511968485565205356e+00
8.242494247123561308e+02 1.511968485792342332e+00
8.247003001500750088e+02 1.511968501581061552e+00
8.251511755877938867e+02 1.511973674315564731e+00
8.256020510255127647e+02 1.513686510315574996e+00
8.260529264632315289e+02 1.969806672390258084e+00
8.265038019009504069e+02 3.814513342134046692e+00
8.269546773386692848e+02 3.842853703747890481e+00
8.274055527763881628e+02 3.842940283835089677e+00
8.278564282141070407e+02 3.842940547999950773e+00
8.283073036518259187e+02 3.842940551675790850e+00
8.287581790895446829e+02 3.842940554557737975e+00
8.292090545272635609e+02 3.842940557429493698e+00
8.296599299649824388e+02 3.842940560293444552e+00
8.301108054027013168e+02 3.842940563149623845e+00
8.305616808404201947e+02 3.842940565998057778e+00
8.310125562781390727e+02 3.842940568838769888e+00
8.314634317158578369e+02 3.842940571671785932e+00
8.319143071535767149e+02 3.842940574497130779e+00
8.323651825912955928e+02 3.842940577314831074e+00
8.328160580290144708e+02 3.842940580124909022e+00
8.332669334667333487e+02 3.842940582927391269e+00
8.337178089044522267e+02 3.842940585722301350e+00
8.341686843421709909e+02 3.842940588509664579e+00
8.346195597798898689e+02 3.842940591289504049e+00
8.350704352176087468e+02 3.842940594061845516e+00
8.355213106553276248e+02 3.842940596826714295e+00
8.359721860930465027e+02 3.842940599584131256e+00
8.364230615307653807e+02 3.842940602334123046e+00
8.368739369684841449e+02 3.842940605076712757e+00
8.373248124062030229e+02 3.842940607811924814e+00
8.377756878439219008e+02 3.842940610539781865e+00
8.382265632816407788e+02 3.842940613260308780e+00
8.386774387193596567e+02 3.842940615973528651e+00
8.391283141570785347e+02 3.842940618679465015e+00
8.395791895947972989e+02 3.842940621378141852e+00
8.400300650325161769e+02 3.842940624069581812e+00
8.404809404702350548e+02 3.842940626753808431e+00
8.409318159079539328e+02 3.842940629430844357e+00
8.413826913456728107e+02 3.842940632100714460e+00
8.418335667833916887e+02 3.842940634763440944e+00
8.422844422211105666e+02 3.842940637419044680e+00
8.427353176588293309e+02 3.842940640067550984e+00
8.431861930965482088e+02 3.842940642708949639e+00
8.436370685342670868e+02 3.842940634102530062e+00
8.440879439719859647e+02 3.839058084529503478e+00
8.445388194097048427e+02 1.602482432391994394e+00
8.449896948474237206e+02 1.598746032772712544e+00
8.454405702851424849e+02 1.598746022143428647e+00
8.458914457228613628e+02 1.598746022330564065e+00
8.463423211605802408e+02 1.598746022517232968e+00
8.467931965982991187e+02 1.598746022703404934e+00
8.472440720360179967e+02 1.598746022889082186e+00
8.476949474737368746e+02 1.598746023074266054e+00
8.481458229114556389e+02 1.598746023258958093e+00
8.485966983491745168e+02 1.598746023443159636e+00
8.490475737868933948e+02 1.598746023626872903e+00
8.494984492246122727e+02 1.598746023810098782e+00
8.499493246623311506e+02 1.598746023992839049e+00
8.504002001000500286e+02 1.598746024175095259e+00
8.508510755377687929e+02 1.598746024356868967e+00
8.513019509754876708e+02 1.598746024538161725e+00
8.517528264132065488e+02 1.598746024718974867e+00
8.522037018509254267e+02 1.598746024899310614e+00
8.526545772886443046e+02 1.598746025079169186e+00
8.531054527263631826e+02 1.598746025258553027e+00
8.535563281640819469e+02 1.598746025437463913e+00
8.540072036018008248e+02 1.598746025615902511e+00
8.544580790395197027e+02 1.598746025793870817e+00
8.549089544772385807e+02 1.598746025971370388e+00
8.553598299149574586e+02 1.598746026148401889e+00
8.558107053526763366e+02 1.598746026324968428e+00
8.562615807903951008e+02 1.598746026501069561e+00
8.567124562281139788e+02 1.598746026676707732e+00
8.571633316658328567e+02 1.598746026851884938e+00
8.576142071035517347e+02 1.598746027026601402e+00
8.580650825412706126e+02 1.598746027200859787e+00
8.585159579789894906e+02 1.598746027374660539e+00
8.589668334167082548e+02 1.598746027548005433e+00
8.594177088544271328e+02 1.598746027720896246e+00
8.598685842921460107e+02 1.598746027893333865e+00
8.603194597298648887e+02 1.598746028065320068e+00
8.607703351675837666e+02 1.598746028236856409e+00
8.612212106053026446e+02 1.598746028407944220e+00
8.616720860430215225e+02 1.598746028578584166e+00
8.621229614807402868e+02 1.598746028748778691e+00
8.625738369184591647e+02 1.598746028918528683e+00
8.630247123561780427e+02 1.598746029087835030e+00
8.634755877938969206e+02 1.598746029256700618e+00
8.639264632316157986e+02 1.598746029425125448e+00
8.643773386693346765e+02 1.598746029593111517e+00
8.648282141070534408e+02 1.598746029760659715e+00
8.652790895447723187e+02 1.598746029927772261e+00
8.657299649824911967e+02 1.598746030094449377e+00
8.661808404202100746e+02 1.598746030260693285e+00
8.666317158579289526e+02 1.598746030426505094e+00
8.670825912956478305e+02 1.598746030591886136e+00
8.675334667333665948e+02 1.598746030756837966e+00
8.679843421710854727e+02 1.598746030921361472e+00
8.684352176088043507e+02 1.598746031085457764e+00
8.688860930465232286e+02 1.598746031249129507e+00
8.693369684842421066e+02 1.598746031412376700e+00
8.697878439219609845e+02 1.598746031575201343e+00
8.702387193596797488e+02 1.598746031737604101e+00
8.706895947973986267e+02 1.598746031899587194e+00
8.711404702351175047e+02 1.598746032061150846e+00
8.715913456728363826e+02 1.598746032222297719e+00
8.720422211105552606e+02 1.598746032383027593e+00
8.724930965482741385e+02 1.598746032543342466e+00
8.729439719859929028e+02 1.598746032703244113e+00
8.733948474237117807e+02 1.598746032862733202e+00
8.738457228614306587e+02 1.598746033021811064e+00
8.742965982991495366e+02 1.598746033180479031e+00
8.747474737368684146e+02 1.598746033338739103e+00
8.751983491745872925e+02 1.598746033496590835e+00
8.756492246123060568e+02 1.598746033654036669e+00
8.761001000500249347e+02 1.598746033811078160e+00
8.765509754877438127e+02 1.598746033967715530e+00
8.770018509254626906e+02 1.598746034123950555e+00
8.774527263631815686e+02 1.598746034279785011e+00
8.779036018009004465e+02 1.598746034435219565e+00
8.783544772386192108e+02 1.598746034590255105e+00
8.788053526763380887e+02 1.598746034744893407e+00
8.792562281140569667e+02 1.598746034899135582e+00
8.797071035517758446e+02 1.598746035052982739e+00
8.801579789894947226e+02 1.598746035206436211e+00
8.806088544272136005e+02 1.598746035359497331e+00
8.810597298649323648e+02 1.598746035512166985e+00
8.815106053026512427e+02 1.598746035664446286e+00
8.819614807403701207e+02 1.598746035816336120e+00
8.824123561780889986e+02 1.598746035967839152e+00
8.828632316158078766e+02 1.598746036118955161e+00
8.833141070535267545e+02 1.598746036269685922e+00
8.837649824912456324e+02 1.598746036420032546e+00
8.842158579289643967e+02 1.598746036569995921e+00
8.846667333666832747e+02 1.598746036719577823e+00
8.851176088044021526e+02 1.598746036868778475e+00
8.855684842421210305e+02 1.598746037017599875e+00
8.860193596798399085e+02 1.598746037166043354e+00
8.864702351175587864e+02 1.598746037314109136e+00
8.869211105552775507e+02 1.598746037461798775e+00
8.873719859929964286e+02 1.598746037609113602e+00
8.878228614307153066e+02 1.598746037756054728e+00
8.882737368684341845e+02 1.598746037902623041e+00
8.887246123061530625e+02 1.598746038048820095e+00
8.891754877438719404e+02 1.598746038194646779e+00
8.896263631815907047e+02 1.598746038340103759e+00
8.900772386193095826e+02 1.598746038485193255e+00
8.905281140570284606e+02 1.598746038629915489e+00
8.909789894947473385e+02 1.598746038774271572e+00
8.914298649324662165e+02 1.598746038918262613e+00
8.918807403701850944e+02 1.598746039061890611e+00
8.923316158079038587e+02 1.598746039205150238e+00
8.927824912456227366e+02 1.598745707694554818e+00
8.932333666833416146e+02 nan
8.936842421210604925e+02 nan
8.941351175587793705e+02 nan
8.945859929964982484e+02 nan
8.950368684342170127e+02 nan
8.954877438719358906e+02 nan
8.959386193096547686e+02 nan
8.963894947473736465e+02 nan
8.968403701850925245e+02 nan
8.972912456228114024e+02 nan
8.977421210605301667e+02 nan
8.981929964982490446e+02 nan
8.986438719359679226e+02 nan
8.990947473736868005e+02 nan
8.995456228114056785e+02 nan
8.999964982491245564e+02 nan
9.004473736868433207e+02 nan
9.008982491245621986e+02 nan
9.013491245622810766e+02 nan
9.017999999999999545e+02 nan
