5.000000000000000000e-01 7.785253175260795576e-05
9.508754377188594065e-01 2.815658538243192492e-04
1.401750875437718813e+00 6.118914460455602286e-04
1.852626313156578330e+00 1.068829227189076886e-03
2.303501750875437626e+00 1.652378992438336726e-03
2.754377188594296921e+00 2.362540324172904445e-03
3.205252626313156661e+00 3.199312478034688385e-03
3.656128064032015956e+00 4.162694244276840712e-03
4.107003501750875252e+00 5.252683784398485579e-03
4.557878939469734547e+00 6.469278443070307187e-03
5.008754377188593843e+00 7.812474535358696417e-03
5.459629814907453138e+00 9.282267109259478496e-03
5.910505252626313322e+00 1.087864968355646209e-02
6.361380690345172617e+00 1.260161396102534200e-02
6.812256128064031913e+00 1.445114951700967980e-02
7.263131565782891208e+00 1.642724346340315375e-02
7.714007003501750503e+00 1.852988008808106879e-02
8.164882441220608911e+00 2.075904046983412590e-02
8.615757878939469094e+00 2.311470206886909531e-02
9.066633316658329278e+00 2.559683829295403279e-02
9.517508754377187685e+00 2.820541803930065594e-02
9.968384192096047869e+00 3.094040521229297208e-02
1.041925962981490628e+01 3.380175821718937879e-02
1.087013506753376646e+01 3.678942942994637560e-02
1.132101050525262664e+01 3.990336464333357064e-02
1.177188594297148505e+01 4.314350248953497530e-02
1.222276138069034523e+01 4.650977383945741062e-02
1.267363681840920364e+01 5.000210117899615142e-02
1.312451225612806383e+01 5.362039796253944418e-02
1.357538769384692223e+01 5.736456794402606391e-02
1.402626313156578242e+01 6.123450448590762873e-02
1.447713856928464082e+01 6.523008984640457641e-02
1.492801400700350101e+01 6.935119444548674961e-02
1.537888944472236119e+01 7.359767611005266219e-02
1.582976488244121960e+01 7.796937929882835627e-02
1.628064032016008156e+01 8.246613430755521390e-02
1.673151575787893819e+01 8.708775645508766428e-02
1.718239119559779837e+01 9.183404525107712046e-02
1.763326663331665856e+01 9.670478354597299153e-02
1.808414207103551519e+01 1.016997366641337747e-01
1.853501750875437537e+01 1.068186515209012255e-01
1.898589294647323555e+01 1.120612557245553725e-01
1.943676838419209574e+01 1.174272566641334642e-01
1.988764382191095592e+01 1.229163405841251361e-01
2.033851925962981255e+01 1.285281716465883350e-01
2.078939469734867274e+01 1.342623909736586074e-01
2.124027013506753292e+01 1.401186155556974344e-01
2.169114557278639310e+01 1.460964353943634830e-01
2.214202101050525329e+01 1.521953859840468326e-01
2.259289644822410992e+01 1.584145755992739657e-01
2.304377188594297010e+01 1.647474788742012697e-01
2.349464732366183028e+01 1.711071451027464940e-01
2.394552276138069047e+01 1.760355104783190294e-01
2.439639819909954710e+01 1.667640809543403657e-01
2.484727363681840728e+01 1.586302705795409329e-01
2.529814907453726747e+01 1.607669766674359180e-01
2.574902451225612765e+01 1.643020380762731103e-01
2.619989994997498783e+01 1.678934444191355069e-01
2.665077538769384446e+01 1.714167549464011564e-01
2.710165082541270465e+01 1.748594242925530506e-01
2.755252626313156483e+01 1.782266923215186372e-01
2.800340170085042502e+01 1.816356023053687374e-01
2.845427713856928165e+01 1.867263281882046155e-01
2.890515257628814183e+01 2.092226386149201312e-01
2.935602801400700201e+01 2.518213414990878585e-01
2.980690345172586220e+01 2.660328843216595573e-01
3.025777888944472238e+01 2.741139160200098401e-01
3.070865432716357901e+01 2.817472565979450838e-01
3.115952976488243920e+01 2.894048406368354143e-01
3.161040520260129938e+01 2.971354716015294217e-01
3.206128064032016312e+01 3.049798838673551948e-01
3.251215607803901975e+01 3.130327908028963657e-01
3.296303151575787638e+01 3.214088619563053029e-01
3.341390695347674011e+01 3.297742125746882524e-01
3.386478239119559674e+01 3.367565552510011218e-01
3.431565782891445338e+01 3.415095892012379730e-01
3.476653326663331711e+01 3.446457997057230660e-01
3.521740870435217374e+01 3.466520299588163878e-01
3.566828414207103037e+01 3.472013624822198885e-01
3.611915957978989411e+01 3.464151513033078555e-01
3.657003501750875074e+01 3.476636536876923644e-01
3.702091045522761448e+01 3.527936315178195059e-01
3.747178589294647111e+01 3.598669421355464304e-01
3.792266133066532774e+01 3.672606846265228375e-01
3.837353676838419148e+01 3.736848669016139546e-01
3.882441220610304811e+01 3.774931774646489990e-01
3.927528764382191184e+01 3.789834218853256886e-01
3.972616308154076847e+01 3.817205263773108537e-01
4.017703851925962510e+01 3.869454543029887117e-01
4.062791395697848884e+01 3.935722772127249192e-01
4.107878939469734547e+01 4.007682673953312236e-01
4.152966483241620921e+01 4.077991641770110642e-01
4.198054027013506584e+01 4.109248318659655674e-01
4.243141570785392247e+01 4.032832381537260757e-01
4.288229114557278621e+01 3.924570875984230711e-01
4.333316658329164284e+01 3.829977201882331928e-01
4.378404202101050657e+01 3.735022812013951143e-01
4.423491745872936320e+01 3.637613825521120448e-01
4.468579289644821984e+01 3.541058309551126104e-01
4.513666833416708357e+01 3.445706138393853646e-01
4.558754377188594020e+01 3.353000701359014069e-01
4.603841920960479683e+01 3.283041170018224930e-01
4.648929464732366057e+01 3.266703162428735707e-01
4.694017008504251720e+01 3.316042886882485941e-01
4.739104552276138094e+01 3.427688810431939181e-01
4.784192096048023757e+01 3.588425129694394200e-01
4.829279639819909420e+01 3.753022958219836558e-01
4.874367183591795794e+01 3.858495133735199145e-01
4.919454727363681457e+01 3.901890219896157475e-01
4.964542271135567830e+01 3.932888330011101718e-01
5.009629814907453493e+01 4.017483576054806105e-01
5.054717358679339156e+01 4.224113767018988774e-01
5.099804902451225530e+01 4.424590244099907421e-01
5.144892446223111193e+01 4.403064915275252678e-01
5.189979989994997567e+01 4.255387974999662037e-01
5.235067533766883230e+01 4.100262137244631844e-01
5.280155077538768893e+01 3.988580216962497316e-01
5.325242621310655267e+01 3.955058481031941131e-01
5.370330165082540930e+01 4.043289661493897347e-01
5.415417708854426593e+01 4.287517200052031741e-01
5.460505252626312966e+01 4.649340779425981118e-01
5.505592796398198630e+01 4.995150910176151537e-01
5.550680340170085003e+01 5.158579638469873441e-01
5.595767883941970666e+01 5.061900532513533557e-01
5.640855427713856329e+01 4.822651640293791342e-01
5.685942971485742703e+01 4.605319921827908392e-01
5.731030515257628366e+01 4.440708118840375751e-01
5.776118059029514740e+01 4.299762290389768649e-01
5.821205602801400403e+01 4.171265157701462556e-01
5.866293146573286066e+01 4.061297411269969015e-01
5.911380690345172439e+01 3.989200920976355147e-01
5.956468234117058103e+01 3.991094551214353081e-01
6.001555777888944476e+01 4.075856053138610657e-01
6.046643321660830139e+01 4.161477468235946775e-01
6.091730865432715802e+01 4.181620582485016668e-01
6.136818409204602176e+01 4.150925999046762294e-01
6.181905952976487839e+01 4.100399050505013632e-01
6.226993496748374213e+01 4.049012446355161887e-01
6.272081040520259876e+01 4.006888085277520717e-01
6.317168584292145539e+01 3.983543312809531001e-01
6.362256128064031913e+01 3.984497393978825297e-01
6.407343671835917576e+01 3.983320964480317472e-01
6.452431215607803949e+01 3.955946743166905422e-01
6.497518759379688902e+01 3.913839356299430583e-01
6.542606303151575275e+01 3.871174164369619031e-01
6.587693846923461649e+01 3.831883326060497308e-01
6.632781390695348023e+01 3.791536027116404473e-01
6.677868934467232975e+01 3.744659212618777766e-01
6.722956478239119349e+01 3.698535061121693834e-01
6.768044022011005723e+01 3.687489824097133773e-01
6.813131565782890675e+01 3.760400855656790831e-01
6.858219109554777049e+01 3.930862861041755085e-01
6.903306653326663422e+01 4.159528175125305482e-01
6.948394197098548375e+01 4.402887764842183804e-01
6.993481740870434749e+01 4.635108681673380526e-01
7.038569284642321122e+01 4.821652386312422767e-01
7.083656828414206075e+01 4.917288384796144607e-01
7.128744372186092448e+01 4.902654679510060620e-01
7.173831915957978822e+01 4.799515700702483012e-01
7.218919459729865196e+01 4.647427989302841400e-01
7.264007003501750148e+01 4.466970989907783074e-01
7.309094547273636522e+01 4.227926644562236547e-01
7.354182091045522895e+01 3.912153974894278519e-01
7.399269634817407848e+01 3.646252000471621457e-01
7.444357178589294222e+01 3.482027386040215111e-01
7.489444722361180595e+01 3.379958307887052094e-01
7.534532266133065548e+01 3.335937813054463130e-01
7.579619809904951921e+01 3.359674507781508779e-01
7.624707353676838295e+01 3.446168935975746916e-01
7.669794897448724669e+01 3.573406250290884212e-01
7.714882441220609621e+01 3.705494689708185296e-01
7.759969984992495995e+01 3.793670789880172478e-01
7.805057528764382369e+01 3.796876992488293912e-01
7.850145072536267321e+01 3.719070396212048601e-01
7.895232616308153695e+01 3.599646781205305679e-01
7.940320160080040068e+01 3.489768235935368779e-01
7.985407703851925021e+01 3.444061054441329150e-01
8.030495247623811395e+01 3.469838066083782979e-01
8.075582791395697768e+01 3.537018100820374378e-01
8.120670335167582721e+01 3.617548510967490971e-01
8.165757878939469094e+01 3.689449067408964722e-01
8.210845422711355468e+01 3.737456467923624404e-01
8.255932966483241842e+01 3.764498238498494853e-01
8.301020510255126794e+01 3.783863317344523525e-01
8.346108054027013168e+01 3.793741145407746873e-01
8.391195597798899541e+01 3.772866103260635873e-01
8.436283141570784494e+01 3.697851420576955261e-01
8.481370685342670868e+01 3.574657399188645446e-01
8.526458229114557241e+01 3.458070841681875063e-01
8.571545772886442194e+01 3.434092689728033831e-01
8.616633316658328567e+01 3.545091767353021339e-01
8.661720860430214941e+01 3.707194563642960961e-01
8.706808404202101315e+01 3.816757121611074055e-01
8.751895947973986267e+01 3.858140283087815869e-01
8.796983491745872641e+01 3.855808695581396939e-01
8.842071035517759015e+01 3.832200133910614870e-01
8.887158579289643967e+01 3.805059371781244759e-01
8.932246123061530341e+01 3.793110656490226718e-01
8.977333666833416714e+01 3.815497432772209652e-01
9.022421210605301667e+01 3.878286803709034558e-01
9.067508754377188041e+01 3.960567553025281518e-01
9.112596298149074414e+01 4.019154976616823860e-01
9.157683841920959367e+01 4.011227163507989357e-01
9.202771385692845740e+01 3.943180439397503956e-01
9.247858929464732114e+01 3.862563055666645706e-01
9.292946473236618488e+01 3.795068472091054357e-01
9.338034017008503440e+01 3.741871852872381554e-01
9.383121560780389814e+01 3.699955604577509494e-01
9.428209104552276187e+01 3.669983750256233801e-01
9.473296648324161140e+01 3.654818724551846532e-01
9.518384192096047514e+01 3.647315509672406364e-01
9.563471735867933887e+01 3.624317974304467338e-01
9.608559279639818840e+01 3.593926036102843002e-01
9.653646823411705213e+01 3.585439114594878296e-01
9.698734367183591587e+01 3.598666308649270396e-01
9.743821910955476540e+01 3.621946241439291114e-01
9.788909454727362913e+01 3.645879033657958290e-01
9.833996998499249287e+01 3.667228890193773294e-01
9.879084542271135660e+01 3.693562813246376586e-01
9.924172086043020613e+01 3.741245210593009962e-01
9.969259629814906987e+01 3.819947986960947062e-01
1.001434717358679336e+02 3.915233993181369554e-01
1.005943471735867831e+02 3.999016397541759749e-01
1.010452226113056469e+02 4.066975872061928676e-01
1.014960980490245106e+02 4.139292080065463120e-01
1.019469734867433601e+02 4.214587687816602757e-01
1.023978489244622239e+02 4.259783803444510131e-01
1.028487243621810876e+02 4.251215765934078239e-01
1.032995997998999513e+02 4.195165426344150683e-01
1.037504752376188009e+02 4.120548424824882483e-01
1.042013506753376646e+02 4.066327679315910326e-01
1.046522261130565283e+02 4.061252200455924277e-01
1.051031015507753779e+02 4.115962969192730747e-01
1.055539769884942416e+02 4.231971830557387237e-01
1.060048524262131053e+02 4.401918473865231163e-01
1.064557278639319549e+02 4.597404984501329284e-01
1.069066033016508186e+02 4.763805627914655672e-01
1.073574787393696823e+02 4.841192884264565732e-01
1.078083541770885319e+02 4.807383808593718721e-01
1.082592296148073956e+02 4.705795426139152693e-01
1.087101050525262593e+02 4.604626195317206294e-01
1.091609804902451231e+02 4.524278054879361521e-01
1.096118559279639726e+02 4.443575185390210569e-01
1.100627313656828363e+02 4.340985619342678237e-01
1.105136068034017001e+02 4.206201753776859786e-01
1.109644822411205496e+02 4.041423939258084186e-01
1.114153576788394133e+02 3.870201958602002001e-01
1.118662331165582771e+02 3.735506220808039179e-01
1.123171085542771266e+02 3.668482971799587045e-01
1.127679839919959903e+02 3.671284230725764819e-01
1.132188594297148541e+02 3.718291428408758703e-01
1.136697348674337178e+02 3.767043646150460834e-01
1.141206103051525673e+02 3.793403262596735659e-01
1.145714857428714311e+02 3.801772019285246662e-01
1.150223611805902948e+02 3.803768942136306896e-01
1.154732366183091443e+02 3.800593056118476976e-01
1.159241120560280081e+02 3.782855981692258007e-01
1.163749874937468718e+02 3.752730674801050270e-01
1.168258629314657213e+02 3.753881412690463493e-01
1.172767383691845851e+02 3.865927793716534833e-01
1.177276138069034488e+02 4.126715654896671581e-01
1.181784892446222983e+02 4.426203444873763049e-01
1.186293646823411621e+02 4.610753282093444372e-01
1.190802401200600258e+02 4.665394833059055002e-01
1.195311155577788895e+02 4.651550487343262819e-01
1.199819909954977390e+02 4.618001534956761578e-01
1.204328664332166028e+02 4.586850530783037616e-01
1.208837418709354665e+02 4.553824150575034313e-01
1.213346173086543160e+02 4.481620043450006419e-01
1.217854927463731798e+02 4.319345144589518681e-01
1.222363681840920435e+02 4.097342058277288479e-01
1.226872436218108930e+02 3.918415261454090137e-01
1.231381190595297568e+02 3.815059239862318985e-01
1.235889944972486205e+02 3.768316888576729307e-01
1.240398699349674843e+02 3.762840172024757845e-01
1.244907453726863338e+02 3.790278931191207179e-01
1.249416208104051975e+02 3.847658778686848247e-01
1.253924962481240613e+02 3.936734860970059757e-01
1.258433716858429108e+02 4.053156396925681193e-01
1.262942471235617745e+02 4.180442599224977185e-01
1.267451225612806383e+02 4.299234052297879471e-01
1.271959979989994878e+02 4.395179087527240624e-01
1.276468734367183515e+02 4.462544843141737494e-01
1.280977488744372295e+02 4.505052025273715288e-01
1.285486243121560790e+02 4.527615655934480454e-01
1.289994997498749285e+02 4.525393224708116335e-01
1.294503751875937780e+02 4.488489897207407764e-01
1.299012506253126560e+02 4.436091052869963747e-01
1.303521260630315055e+02 4.413179496186734330e-01
1.308030015007503550e+02 4.417956585120806912e-01
1.312538769384692330e+02 4.405094204567649441e-01
1.317047523761880825e+02 4.339426352324736169e-01
1.321556278139069605e+02 4.247222909675749114e-01
1.326065032516258100e+02 4.202637371729809890e-01
1.330573786893446595e+02 4.221047228354508629e-01
1.335082541270635375e+02 4.259738803652327599e-01
1.339591295647823870e+02 4.293257626471492783e-01
1.344100050025012365e+02 4.316391304302570897e-01
1.348608804402201145e+02 4.324418472766060062e-01
1.353117558779389640e+02 4.318474225960290958e-01
1.357626313156578135e+02 4.324126117634341515e-01
1.362135067533766914e+02 4.384337799658523660e-01
1.366643821910955410e+02 4.513115414510336931e-01
1.371152576288143905e+02 4.656241870146063944e-01
1.375661330665332684e+02 4.748209436454295385e-01
1.380170085042521180e+02 4.789931934723709039e-01
1.384678839419709675e+02 4.809347910969662410e-01
1.389187593796898454e+02 4.824858821198902414e-01
1.393696348174086950e+02 4.852809192406258298e-01
1.398205102551275445e+02 4.926695705947667370e-01
1.402713856928464224e+02 5.098043302806755106e-01
1.407222611305652720e+02 5.328748364865165676e-01
1.411731365682841215e+02 5.455546252066995061e-01
1.416240120060029994e+02 5.451806274147651399e-01
1.420748874437218490e+02 5.400123478560463486e-01
1.425257628814407269e+02 5.365221558741115615e-01
1.429766383191595764e+02 5.390919381524611476e-01
1.434275137568784260e+02 5.520479096744226322e-01
1.438783891945973039e+02 5.762219627755035267e-01
1.443292646323161534e+02 5.945401486318521167e-01
1.447801400700350030e+02 5.810971190064844194e-01
1.452310155077538809e+02 5.500674646173562277e-01
1.456818909454727304e+02 5.264606738571266931e-01
1.461327663831915800e+02 5.128084333417147755e-01
1.465836418209104579e+02 5.048914093401483116e-01
1.470345172586293074e+02 5.009210666445883531e-01
1.474853926963481570e+02 5.009959531214096540e-01
1.479362681340670349e+02 5.044431123995911648e-01
1.483871435717858844e+02 5.093965327460345804e-01
1.488380190095047340e+02 5.141199700959118157e-01
1.492888944472236119e+02 5.172752202887536122e-01
1.497397698849424614e+02 5.173814774641173342e-01
1.501906453226613110e+02 5.133746175099072051e-01
1.506415207603801889e+02 5.072231928958875757e-01
1.510923961980990384e+02 5.028948723400163967e-01
1.515432716358178880e+02 5.020401039586458447e-01
1.519941470735367659e+02 5.041366270352817258e-01
1.524450225112556154e+02 5.078473260863380911e-01
1.528958979489744934e+02 5.110791250004081965e-01
1.533467733866933429e+02 5.110251685818151257e-01
1.537976488244121924e+02 5.069762747629236177e-01
1.542485242621310704e+02 5.033059598749135555e-01
1.546993996998499199e+02 5.052609262977477700e-01
1.551502751375687694e+02 5.139964213491871048e-01
1.556011505752876474e+02 5.263878965344584993e-01
1.560520260130064969e+02 5.379456710534765707e-01
1.565029014507253464e+02 5.463312778139203241e-01
1.569537768884442244e+02 5.525643697714648361e-01
1.574046523261630739e+02 5.584443265098939513e-01
1.578555277638819234e+02 5.613654359803907923e-01
1.583064032016008014e+02 5.541728501894970238e-01
1.587572786393196509e+02 5.337258112786134046e-01
1.592081540770385004e+02 5.072475292535038038e-01
1.596590295147573784e+02 4.849903091031163016e-01
1.601099049524762279e+02 4.715590394678658148e-01
1.605607803901950774e+02 4.682511994266201349e-01
1.610116558279139554e+02 4.779076633421107112e-01
1.614625312656328049e+02 5.030685173434538138e-01
1.619134067033516544e+02 5.347068212670400555e-01
1.623642821410705324e+02 5.544957846185718520e-01
1.628151575787893819e+02 5.575511734618757709e-01
1.632660330165082598e+02 5.516940341613855159e-01
1.637169084542271094e+02 5.444142371591826901e-01
1.641677838919459589e+02 5.391005546173915919e-01
1.646186593296648368e+02 5.358655637109812631e-01
1.650695347673836864e+02 5.325343906701622831e-01
1.655204102051025359e+02 5.272581918858100236e-01
1.659712856428214138e+02 5.240323760431644384e-01
1.664221610805402634e+02 5.331836055021215159e-01
1.668730365182591129e+02 5.599156692179162453e-01
1.673239119559779908e+02 5.883595285211937753e-01
1.677747873936968404e+02 5.974558471524439307e-01
1.682256628314156899e+02 5.896660470844641289e-01
1.686765382691345678e+02 5.767457966376413614e-01
1.691274137068534174e+02 5.657379145833163481e-01
1.695782891445722669e+02 5.589138721410638055e-01
1.700291645822911448e+02 5.546712924340844175e-01
1.704800400200099944e+02 5.487578293167433285e-01
1.709309154577288439e+02 5.386309080312108311e-01
1.713817908954477218e+02 5.271083461028043260e-01
1.718326663331665713e+02 5.190871467213228341e-01
1.722835417708854209e+02 5.165874925559502673e-01
1.727344172086042988e+02 5.186556167055260680e-01
1.731852926463231483e+02 5.233972850816379641e-01
1.736361680840420263e+02 5.296214074241587522e-01
1.740870435217608758e+02 5.372375286208378453e-01
1.745379189594797253e+02 5.458553745789228584e-01
1.749887943971986033e+02 5.535709033947276980e-01
1.754396698349174528e+02 5.582961612753198910e-01
1.758905452726363023e+02 5.592474409225643983e-01
1.763414207103551803e+02 5.584444052235072453e-01
1.767922961480740298e+02 5.605230266624546820e-01
1.772431715857928793e+02 5.676572234211983981e-01
1.776940470235117573e+02 5.782781188306568287e-01
1.781449224612306068e+02 5.890169257113189172e-01
1.785957978989494563e+02 5.958130442932431103e-01
1.790466733366683343e+02 5.961412770416838480e-01
1.794975487743871838e+02 5.912867488741027078e-01
1.799484242121060333e+02 5.846992811201338069e-01
1.803992996498249113e+02 5.781290875362901094e-01
1.808501750875437608e+02 5.704623145837974807e-01
1.813010505252626103e+02 5.615357913915515198e-01
1.817519259629814883e+02 5.602032019839201515e-01
1.822028014007003378e+02 5.747081028746510167e-01
1.826536768384191873e+02 5.961294692940295459e-01
1.831045522761380653e+02 6.129895472946971235e-01
1.835554277138569148e+02 6.224080504527637059e-01
1.840063031515757643e+02 6.255960944831548964e-01
1.844571785892946423e+02 6.231303271600694416e-01
1.849080540270134918e+02 6.152770132468753372e-01
1.853589294647323698e+02 6.051238434190762128e-01
1.858098049024512193e+02 5.996853070017998943e-01
1.862606803401700688e+02 6.040694116859979257e-01
1.867115557778889467e+02 6.144875258391703232e-01
1.871624312156077963e+02 6.229806128109859342e-01
1.876133066533266458e+02 6.276984257145302726e-01
1.880641820910455237e+02 6.327410589799110641e-01
1.885150575287643733e+02 6.412394123331621731e-01
1.889659329664832228e+02 6.522771231523583069e-01
1.894168084042021007e+02 6.621429105406538840e-01
1.898676838419209503e+02 6.660338966943637473e-01
1.903185592796397998e+02 6.585943008080928918e-01
1.907694347173586777e+02 6.385816786154001612e-01
1.912203101550775273e+02 6.192956898315260528e-01
1.916711855927963768e+02 6.136462102846418354e-01
1.921220610305152547e+02 6.166833145279153605e-01
1.925729364682341043e+02 6.189250606011577061e-01
1.930238119059529538e+02 6.160605959843015178e-01
1.934746873436718317e+02 6.116620069736919962e-01
1.939255627813906813e+02 6.140013577282443791e-01
1.943764382191095308e+02 6.261731610590549613e-01
1.948273136568284087e+02 6.434772815251277311e-01
1.952781890945472583e+02 6.599916079627822230e-01
1.957290645322661362e+02 6.724736593681597263e-01
1.961799399699849857e+02 6.796094235973551001e-01
1.966308154077038353e+02 6.794167543816201915e-01
1.970816908454227132e+02 6.671288967423153471e-01
1.975325662831415627e+02 6.384445202353734583e-01
1.979834417208604123e+02 5.993745836701425134e-01
1.984343171585792902e+02 5.643037699165593946e-01
1.988851925962981397e+02 5.405316842479499506e-01
1.993360680340169893e+02 5.275115921215854931e-01
1.997869434717358672e+02 5.244428199867050555e-01
2.002378189094547167e+02 5.302924356003044792e-01
2.006886943471735663e+02 5.440879125229278745e-01
2.011395697848924442e+02 5.665496033299732836e-01
2.015904452226112937e+02 5.941944386055290073e-01
2.020413206603301433e+02 6.134296249430429837e-01
2.024921960980490212e+02 6.125169498001106216e-01
2.029430715357678707e+02 5.975553009461506138e-01
2.033939469734867203e+02 5.824174826532924065e-01
2.038448224112055982e+02 5.751667922410985678e-01
2.042956978489244477e+02 5.771760283266760272e-01
2.047465732866432973e+02 5.848243956411774969e-01
2.051974487243621752e+02 5.915381021748237211e-01
2.056483241620810247e+02 5.930613104690538595e-01
2.060991995997999027e+02 5.889225689901538274e-01
2.065500750375187522e+02 5.804705244926129382e-01
2.070009504752376017e+02 5.709320983063165267e-01
2.074518259129564797e+02 5.651827584356716727e-01
2.079027013506753292e+02 5.673044321692315428e-01
2.083535767883941787e+02 5.771209488699737822e-01
2.088044522261130567e+02 5.858217028267551640e-01
2.092553276638319062e+02 5.791739048981500160e-01
2.097062031015507557e+02 5.565548708490766217e-01
2.101570785392696337e+02 5.345516691840332957e-01
2.106079539769884832e+02 5.257020508292389316e-01
2.110588294147073327e+02 5.304958346699738536e-01
2.115097048524262107e+02 5.439374080197575401e-01
2.119605802901450602e+02 5.605953020386367225e-01
2.124114557278639097e+02 5.764492812617328932e-01
2.128623311655827877e+02 5.902207115087498845e-01
2.133132066033016372e+02 6.036191876825831581e-01
2.137640820410204867e+02 6.191345725249357557e-01
2.142149574787393647e+02 6.370510514670311153e-01
2.146658329164582142e+02 6.544583535625847492e-01
2.151167083541770637e+02 6.665123432187985975e-01
2.155675837918959417e+02 6.698903050311442176e-01
2.160184592296147912e+02 6.681904693178589705e-01
2.164693346673336691e+02 6.694961291962784333e-01
2.169202101050525187e+02 6.777215914260675822e-01
2.173710855427713682e+02 6.905661374022893373e-01
2.178219609804902461e+02 7.004261972740311037e-01
2.182728364182090957e+02 6.996777235544815454e-01
2.187237118559279452e+02 6.870089698701897785e-01
2.191745872936468231e+02 6.678635498007822191e-01
2.196254627313656727e+02 6.501166223896056584e-01
2.200763381690845222e+02 6.378588942256969707e-01
2.205272136068034001e+02 6.306051651273170133e-01
2.209780890445222497e+02 6.268026214201016799e-01
2.214289644822410992e+02 6.260466220875815502e-01
2.218798399199599771e+02 6.292843277884758724e-01
2.223307153576788266e+02 6.381961571714055426e-01
2.227815907953976762e+02 6.541476214910226794e-01
2.232324662331165541e+02 6.756261563046979113e-01
2.236833416708354036e+02 6.944169412243830219e-01
2.241342171085542532e+02 6.998502306992548938e-01
2.245850925462731311e+02 6.935941233151732277e-01
2.250359679839919806e+02 6.853068611993974324e-01
2.254868434217108302e+02 6.783364518173836677e-01
2.259377188594297081e+02 6.712510929274090321e-01
2.263885942971485576e+02 6.629634971709889024e-01
2.268394697348674356e+02 6.544123285755558683e-01
2.272903451725862851e+02 6.487800062301875004e-01
2.277412206103051346e+02 6.505153531115929200e-01
2.281920960480240126e+02 6.618886360485702891e-01
2.286429714857428621e+02 6.781222908457733567e-01
2.290938469234617116e+02 6.897255931839559873e-01
2.295447223611805896e+02 6.944710764629788979e-01
2.299955977988994391e+02 6.970947663164431818e-01
2.304464732366182886e+02 6.999004038221694479e-01
2.308973486743371666e+02 7.025531052114722952e-01
2.313482241120560161e+02 7.048927294032767410e-01
2.317990995497748656e+02 7.084517058758785790e-01
2.322499749874937436e+02 7.171769499864941722e-01
2.327008504252125931e+02 7.359377598675164167e-01
2.331517258629314426e+02 7.650647726890460465e-01
2.336026013006503206e+02 7.931238349275030464e-01
2.340534767383691701e+02 8.025381480324134120e-01
2.345043521760880196e+02 7.902663455717453544e-01
2.349552276138068976e+02 7.711342416820455847e-01
2.354061030515257471e+02 7.627677594840046593e-01
2.358569784892445966e+02 7.733276256690377881e-01
2.363078539269634746e+02 7.986656043685238515e-01
2.367587293646823241e+02 8.284230759721075144e-01
2.372096048024012021e+02 8.528006472060388754e-01
2.376604802401200516e+02 8.637962314359405314e-01
2.381113556778389011e+02 8.563912393607149287e-01
2.385622311155577790e+02 8.356619103754665545e-01
2.390131065532766286e+02 8.138463968835326634e-01
2.394639819909954781e+02 7.967313755114374674e-01
2.399148574287143560e+02 7.815751574413529745e-01
2.403657328664332056e+02 7.588037278600263669e-01
2.408166083041520551e+02 7.160407812452678211e-01
2.412674837418709330e+02 6.648503849216171879e-01
2.417183591795897826e+02 6.338138333776618394e-01
2.421692346173086321e+02 6.227201304298058959e-01
2.426201100550275100e+02 6.227272900410594225e-01
2.430709854927463596e+02 6.345823610860306108e-01
2.435218609304652091e+02 6.661107713407454778e-01
2.439727363681840870e+02 7.117141292505262395e-01
2.444236118059029366e+02 7.440934129330255553e-01
2.448744872436217861e+02 7.555473022389943560e-01
2.453253626813406640e+02 7.568369359940493313e-01
2.457762381190595136e+02 7.576058761944358677e-01
2.462271135567783631e+02 7.676591862452577519e-01
2.466779889944972410e+02 7.913803678381046147e-01
2.471288644322160906e+02 8.134750873440764751e-01
2.475797398699349685e+02 8.243745332413481286e-01
2.480306153076538180e+02 8.241978825212867843e-01
2.484814907453726676e+02 8.121924369716495562e-01
2.489323661830915455e+02 7.918033609153031227e-01
2.493832416208103950e+02 7.726023750755500741e-01
2.498341170585292446e+02 7.602037278916613516e-01
2.502849924962481225e+02 7.531911296138590339e-01
2.507358679339669720e+02 7.483766289128298554e-01
2.511867433716858216e+02 7.443290734626761829e-01
2.516376188094046995e+02 7.423411183381218859e-01
2.520884942471235490e+02 7.448726680476054351e-01
2.525393696848423986e+02 7.500135604794041511e-01
2.529902451225612765e+02 7.458696813452758700e-01
2.534411205602801260e+02 7.280178133817866160e-01
2.538919959979989756e+02 7.136883044081406835e-01
2.543428714357178535e+02 7.158351331177500443e-01
2.547937468734367030e+02 7.334578072335992127e-01
2.552446223111555526e+02 7.586545083750756424e-01
2.556954977488744305e+02 7.818827533071848190e-01
2.561463731865932800e+02 7.947022381370646427e-01
2.565972486243121580e+02 7.921084530596957940e-01
2.570481240620309791e+02 7.762284108851565945e-01
2.574989994997498570e+02 7.604661346084801155e-01
2.579498749374687350e+02 7.727597224111751872e-01
2.584007503751875561e+02 8.255615675770400230e-01
2.588516258129064340e+02 8.586188323973721337e-01
2.593025012506253120e+02 8.514815271344424730e-01
2.597533766883441331e+02 8.275042918164224881e-01
2.602042521260630110e+02 7.967682724854457943e-01
2.606551275637818890e+02 7.623991511850647385e-01
2.611060030015007101e+02 7.307608635608724423e-01
2.615568784392195880e+02 7.114892295785689713e-01
2.620077538769384660e+02 7.083105339027560010e-01
2.624586293146572871e+02 7.162389262534477608e-01
2.629095047523761650e+02 7.256667576680312370e-01
2.633603801900950430e+02 7.270907980414176297e-01
2.638112556278139209e+02 7.187928407200202541e-01
2.642621310655327420e+02 7.066456677320854807e-01
2.647130065032516200e+02 6.956723310181551767e-01
2.651638819409704979e+02 6.873941094865592127e-01
2.656147573786893190e+02 6.825002923472955896e-01
2.660656328164081970e+02 6.852758236790776891e-01
2.665165082541270749e+02 7.036217981300870727e-01
2.669673836918458960e+02 7.311774128444701315e-01
2.674182591295647740e+02 7.535516271500782848e-01
2.678691345672836519e+02 7.677309160187949511e-01
2.683200100050024730e+02 7.752683592730745810e-01
2.687708854427213510e+02 7.778136652121512284e-01
2.692217608804402289e+02 7.762857288541407108e-01
2.696726363181590500e+02 7.708253188444499360e-01
2.701235117558779280e+02 7.625265925515191112e-01
2.705743871935968059e+02 7.539068997315396814e-01
2.710252626313156270e+02 7.468612506635652348e-01
2.714761380690345050e+02 7.426270146050548693e-01
2.719270135067533829e+02 7.431693633956322209e-01
2.723778889444722040e+02 7.509192384344427484e-01
2.728287643821910819e+02 7.680035404088112472e-01
2.732796398199099599e+02 7.985700490160630993e-01
2.737305152576287810e+02 8.483221036374715140e-01
2.741813906953476589e+02 9.151865934768999011e-01
2.746322661330665369e+02 9.738561810054142676e-01
2.750831415707853580e+02 9.845107099605473477e-01
2.755340170085042359e+02 9.399850561655103132e-01
2.759848924462231139e+02 8.729077538887469734e-01
2.764357678839419350e+02 8.137240474270992507e-01
2.768866433216608129e+02 7.725650941863053678e-01
2.773375187593796909e+02 7.476910750069500899e-01
2.777883941970985120e+02 7.355855032031635155e-01
2.782392696348173899e+02 7.373811911244430028e-01
2.786901450725362679e+02 7.651686636315128132e-01
2.791410205102550890e+02 8.311810886719194214e-01
2.795918959479739669e+02 8.915451838823262865e-01
2.800427713856928449e+02 8.952573882228564983e-01
2.804936468234116660e+02 8.626182827545146869e-01
2.809445222611305439e+02 8.310937404557239283e-01
2.813953976988494219e+02 8.166580510929403180e-01
2.818462731365682430e+02 8.132374477750945463e-01
2.822971485742871209e+02 8.110671372584179473e-01
2.827480240120059989e+02 8.058021148185985361e-01
2.831988994497248200e+02 7.991906576433049914e-01
2.836497748874436979e+02 7.966193559010288361e-01
2.841006503251625759e+02 8.031380598872164267e-01
2.845515257628814538e+02 8.174600373338954951e-01
2.850024012006002749e+02 8.256967290958832084e-01
2.854532766383191529e+02 8.146224446005302378e-01
2.859041520760380308e+02 7.967707489096385043e-01
2.863550275137568519e+02 7.884713957200402135e-01
2.868059029514757299e+02 7.887746054146584918e-01
2.872567783891946078e+02 7.874363252003656610e-01
2.877076538269134289e+02 7.747273203147405640e-01
2.881585292646323069e+02 7.569544303183859402e-01
2.886094047023511848e+02 7.499234784824166944e-01
2.890602801400700059e+02 7.561590290887050259e-01
2.895111555777888839e+02 7.729803571734186196e-01
2.899620310155077618e+02 7.989282466844860320e-01
2.904129064532265829e+02 8.309727424106462257e-01
2.908637818909454609e+02 8.618411028170045451e-01
2.913146573286643388e+02 8.808211153986240660e-01
2.917655327663831599e+02 8.781413769432625527e-01
2.922164082041020379e+02 8.525447194756053948e-01
2.926672836418209158e+02 8.165832615538878292e-01
2.931181590795397369e+02 7.891027300880790740e-01
2.935690345172586149e+02 7.837750983248734649e-01
2.940199099549774928e+02 8.068041641679208897e-01
2.944707853926963139e+02 8.531853396618453989e-01
2.949216608304151919e+02 9.024360572248927292e-01
2.953725362681340698e+02 9.312581706038467466e-01
2.958234117058528909e+02 9.308563899350650317e-01
2.962742871435717689e+02 9.069576439830450143e-01
2.967251625812906468e+02 8.720211805372216629e-01
2.971760380190094679e+02 8.395161279482802330e-01
2.976269134567283459e+02 8.171189813291499515e-01
2.980777888944472238e+02 8.046930323803047624e-01
2.985286643321660449e+02 7.999886775223710167e-01
2.989795397698849229e+02 8.022674892943018055e-01
2.994304152076038008e+02 8.115614581107751802e-01
2.998812906453226219e+02 8.265224840598980327e-01
3.003321660830414999e+02 8.444118989532506392e-01
3.007830415207603778e+02 8.661406447397540509e-01
3.012339169584791989e+02 8.958130685338892008e-01
3.016847923961980769e+02 9.310980931314835063e-01
3.021356678339169548e+02 9.527318120375682931e-01
3.025865432716357759e+02 9.267571169396341402e-01
3.030374187093546539e+02 8.548884296422266660e-01
3.034882941470735318e+02 7.906402302428857665e-01
3.039391695847923529e+02 7.650159569713484986e-01
3.043900450225112309e+02 7.783294053049871764e-01
3.048409204602301088e+02 8.134770011924077338e-01
3.052917958979489867e+02 8.389032280255760421e-01
3.057426713356678079e+02 8.438175185433333114e-01
3.061935467733866858e+02 8.364332084471931550e-01
3.066444222111055637e+02 8.244633374457931430e-01
3.070952976488243849e+02 8.125601415386060067e-01
3.075461730865432628e+02 8.043025656190813111e-01
3.079970485242621407e+02 8.051627541833692447e-01
3.084479239619809618e+02 8.273323106198962051e-01
3.088987993996998398e+02 8.778931622497585519e-01
3.093496748374187177e+02 9.206551636475904798e-01
3.098005502751375388e+02 9.276303399027534535e-01
3.102514257128564168e+02 9.092172373040755540e-01
3.107023011505752947e+02 8.727490698464412944e-01
3.111531765882941158e+02 8.230040987067545055e-01
3.116040520260129938e+02 7.746608686222443696e-01
3.120549274637318717e+02 7.429119325205905122e-01
3.125058029014506928e+02 7.288699665854451171e-01
3.129566783391695708e+02 7.272791494210802954e-01
3.134075537768884487e+02 7.373919055484088325e-01
3.138584292146072698e+02 7.652598799451780787e-01
3.143093046523261478e+02 8.119190514554008864e-01
3.147601800900450257e+02 8.567415014210415514e-01
3.152110555277638468e+02 8.804663525751935671e-01
3.156619309654827248e+02 8.848305645034422184e-01
3.161128064032016027e+02 8.780451015713841567e-01
3.165636818409204238e+02 8.657655401649773097e-01
3.170145572786393018e+02 8.518664248694605146e-01
3.174654327163581797e+02 8.446448369026580139e-01
3.179163081540770008e+02 8.611086679875380456e-01
3.183671835917958788e+02 8.892076859237209030e-01
3.188180590295147567e+02 9.105218846198229743e-01
3.192689344672335778e+02 9.293586819532297927e-01
3.197198099049524558e+02 9.485199613249066797e-01
3.201706853426713337e+02 9.649716847177904899e-01
3.206215607803901548e+02 9.713261509729728127e-01
3.210724362181090328e+02 9.626564979975937852e-01
3.215233116558279107e+02 9.425733590222540315e-01
3.219741870935467318e+02 9.193988895363043312e-01
3.224250625312656098e+02 8.998879485585972171e-01
3.228759379689844877e+02 8.862996374267932964e-01
3.233268134067033088e+02 8.771862377833390401e-01
3.237776888444221868e+02 8.707427190104294334e-01
3.242285642821410647e+02 8.684392113749248576e-01
3.246794397198598858e+02 8.820678884186968771e-01
3.251303151575787638e+02 9.422661718917750839e-01
3.255811905952976417e+02 1.036927090111396943e+00
3.260320660330165197e+02 1.081866655516358300e+00
3.264829414707353408e+02 1.083295367440525014e+00
3.269338169084542187e+02 1.072230417578847295e+00
3.273846923461730967e+02 1.057029251363537758e+00
3.278355677838919178e+02 1.032716125214871772e+00
3.282864432216107957e+02 9.873365954847668213e-01
3.287373186593296737e+02 9.275207084991209383e-01
3.291881940970484948e+02 8.856883774087687122e-01
3.296390695347673727e+02 8.664105955293334160e-01
3.300899449724862507e+02 8.566892204102826147e-01
3.305408204102050718e+02 8.493571743237400273e-01
3.309916958479239497e+02 8.418794777725359113e-01
3.314425712856428277e+02 8.324073610312464622e-01
3.318934467233616488e+02 8.187212319795296178e-01
3.323443221610805267e+02 8.002139888977974902e-01
3.327951975987994047e+02 7.798277747545833138e-01
3.332460730365182258e+02 7.662572435579350083e-01
3.336969484742371037e+02 7.786584903801585522e-01
3.341478239119559817e+02 8.316284332961381143e-01
3.345986993496748028e+02 8.923678346685057772e-01
3.350495747873936807e+02 9.275499612787924120e-01
3.355004502251125587e+02 9.411559522191785820e-01
3.359513256628313798e+02 9.392649035505952204e-01
3.364022011005502577e+02 9.196266776629133943e-01
3.368530765382691357e+02 8.801211538162156955e-01
3.373039519759879568e+02 8.299484409756203718e-01
3.377548274137068347e+02 7.910888282034084229e-01
3.382057028514257127e+02 7.864182785334109527e-01
3.386565782891445338e+02 8.209773066640714267e-01
3.391074537268634117e+02 8.752268217153643670e-01
3.395583291645822896e+02 9.243657044954777247e-01
3.400092046023011108e+02 9.563158672012375128e-01
3.404600800400199887e+02 9.722772072182312986e-01
3.409109554777388666e+02 9.799698300430816911e-01
3.413618309154576878e+02 9.860740553897372473e-01
3.418127063531765657e+02 9.888462883695811056e-01
3.422635817908954436e+02 9.752941744476335550e-01
3.427144572286142647e+02 9.317124431042285160e-01
3.431653326663331427e+02 8.785598947899847522e-01
3.436162081040520206e+02 8.481319160015741154e-01
3.440670835417708417e+02 8.398592830041162749e-01
3.445179589794897197e+02 8.468644283784303450e-01
3.449688344172085976e+02 8.658166286319349814e-01
3.454197098549274187e+02 8.892521231406704807e-01
3.458705852926462967e+02 9.044661903690304205e-01
3.463214607303651746e+02 9.013749611471850720e-01
3.467723361680840526e+02 8.790754662861347546e-01
3.472232116058028737e+02 8.463108719968679416e-01
3.476740870435217516e+02 8.156297201247453277e-01
3.481249624812406296e+02 7.954766791865095499e-01
3.485758379189594507e+02 7.864582900458069181e-01
3.490267133566783286e+02 7.843025304088212524e-01
3.494775887943972066e+02 7.862664578328882881e-01
3.499284642321160277e+02 7.912817476576229359e-01
3.503793396698349056e+02 7.965372859643380377e-01
3.508302151075537836e+02 7.970563732681499314e-01
3.512810905452726047e+02 7.886641797139474219e-01
3.517319659829914826e+02 7.731817987300417805e-01
3.521828414207103606e+02 7.595187743245446210e-01
3.526337168584291817e+02 7.567084423974159701e-01
3.530845922961480596e+02 7.673054747718224267e-01
3.535354677338669376e+02 7.862801387903503025e-01
3.539863431715857587e+02 8.010098995182870496e-01
3.544372186093046366e+02 7.973271965546075979e-01
3.548880940470235146e+02 7.821429157504395935e-01
3.553389694847423357e+02 7.730543596359382708e-01
3.557898449224612136e+02 7.742064879304917380e-01
3.562407203601800916e+02 7.867449192461106744e-01
3.566915957978989127e+02 8.178744366812633615e-01
3.571424712356177906e+02 8.786461396379768862e-01
3.575933466733366686e+02 9.584054409365837524e-01
3.580442221110554897e+02 9.947821197255370951e-01
3.584950975487743676e+02 9.535927907165960837e-01
3.589459729864932456e+02 8.855954264071050908e-01
3.593968484242120667e+02 8.431577225565051181e-01
3.598477238619309446e+02 8.511791810332234309e-01
3.602985992996498226e+02 9.133655357611739634e-01
3.607494747373686437e+02 1.003927908851686590e+00
3.612003501750875216e+02 1.078798713010251209e+00
3.616512256128063996e+02 1.111572238221198550e+00
3.621021010505252207e+02 1.103226887182892080e+00
3.625529764882440986e+02 1.071104017604279868e+00
3.630038519259629766e+02 1.042553233824945469e+00
3.634547273636817977e+02 1.037664058027938596e+00
3.639056028014006756e+02 1.049203017838913787e+00
3.643564782391195536e+02 1.059810263223255111e+00
3.648073536768383747e+02 1.060929359775035552e+00
3.652582291145572526e+02 1.048643891585267163e+00
3.657091045522761306e+02 1.019276112847469884e+00
3.661599799899949517e+02 9.800335761289969971e-01
3.666108554277138296e+02 9.534088574848459396e-01
3.670617308654327076e+02 9.457297937956077316e-01
3.675126063031515287e+02 9.470828107845671306e-01
3.679634817408704066e+02 9.511270142554348883e-01
3.684143571785892846e+02 9.556911601887452257e-01
3.688652326163081625e+02 9.562389437624430055e-01
3.693161080540269836e+02 9.433903951989655035e-01
3.697669834917458616e+02 9.169091358679584136e-01
3.702178589294647395e+02 8.942279070429587362e-01
3.706687343671835606e+02 8.862169954470751065e-01
3.711196098049024386e+02 8.881847767461782395e-01
3.715704852426213165e+02 8.916532347766340516e-01
3.720213606803401376e+02 8.900161473086791730e-01
3.724722361180590156e+02 8.806286334609695343e-01
3.729231115557778935e+02 8.665096498156275029e-01
3.733739869934967146e+02 8.532133484492646636e-01
3.738248624312155926e+02 8.438290616801638055e-01
3.742757378689344705e+02 8.392027472096723617e-01
3.747266133066532916e+02 8.405526275771415534e-01
3.751774887443721695e+02 8.482572146456053286e-01
3.756283641820910475e+02 8.609026419539116404e-01
3.760792396198098686e+02 8.775207897223969988e-01
3.765301150575287465e+02 8.972279220014178769e-01
3.769809904952476245e+02 9.173762592684324702e-01
3.774318659329664456e+02 9.314496717104091550e-01
3.778827413706853235e+02 9.344004865508319657e-01
3.783336168084042015e+02 9.335011852547754341e-01
3.787844922461230226e+02 9.338956477845834492e-01
3.792353676838419005e+02 9.344306489605949118e-01
3.796862431215607785e+02 9.331301761348537172e-01
3.801371185592795996e+02 9.283727334877096560e-01
3.805879939969984775e+02 9.193926636167443212e-01
3.810388694347173555e+02 9.064574981024480227e-01
3.814897448724361766e+02 8.907434137831165000e-01
3.819406203101550545e+02 8.765249500258923687e-01
3.823914957478739325e+02 8.704392246772428843e-01
3.828423711855927536e+02 8.741976144983767405e-01
3.832932466233116315e+02 8.847153599145552993e-01
3.837441220610305095e+02 8.986926383454446610e-01
3.841949974987493306e+02 9.139447538484709588e-01
3.846458729364682085e+02 9.290794678831953979e-01
3.850967483741870865e+02 9.429672972516682794e-01
3.855476238119059076e+02 9.519510804699592432e-01
3.859984992496247855e+02 9.252262787104763575e-01
3.864493746873436635e+02 8.100780577422951323e-01
3.869002501250624846e+02 7.644481506767417667e-01
3.873511255627813625e+02 7.692354243631253086e-01
3.878020010005002405e+02 7.847707049718322114e-01
3.882528764382190616e+02 8.072543941482475116e-01
3.887037518759379395e+02 8.350547724355180668e-01
3.891546273136568175e+02 8.628889964236817756e-01
3.896055027513756954e+02 8.832208533242119630e-01
3.900563781890945165e+02 8.906228431303652160e-01
3.905072536268133945e+02 8.836663712847546703e-01
3.909581290645322724e+02 8.643835538614642600e-01
3.914090045022510935e+02 8.403728209635445978e-01
3.918598799399699715e+02 8.294773597250069130e-01
3.923107553776888494e+02 8.538173349999763628e-01
3.927616308154076705e+02 9.106736768518453040e-01
3.932125062531265485e+02 9.579797191321557381e-01
3.936633816908454264e+02 9.597677822133566794e-01
3.941142571285642475e+02 9.239290244072944081e-01
3.945651325662831255e+02 8.778882133475139904e-01
3.950160080040020034e+02 8.392522859394295764e-01
3.954668834417208245e+02 8.134854431019278298e-01
3.959177588794397025e+02 8.010016181425627657e-01
3.963686343171585804e+02 8.015182853897786508e-01
3.968195097548774015e+02 8.132753195082531583e-01
3.972703851925962795e+02 8.292558835698042863e-01
3.977212606303151574e+02 8.419594172523579001e-01
3.981721360680339785e+02 8.502508110789225304e-01
3.986230115057528565e+02 8.559721369096245924e-01
3.990738869434717344e+02 8.607369293177384861e-01
3.995247623811905555e+02 8.664210333783225471e-01
3.999756378189094335e+02 8.755348514836093221e-01
4.004265132566283114e+02 8.903019382427050932e-01
4.008773886943471325e+02 9.122117228205979256e-01
4.013282641320660105e+02 9.385558123540629349e-01
4.017791395697848884e+02 9.582369325135152716e-01
4.022300150075037095e+02 9.664735373827694209e-01
4.026808904452225875e+02 9.662507129150796903e-01
4.031317658829414654e+02 9.549454109215637088e-01
4.035826413206602865e+02 9.262100853998382899e-01
4.040335167583791645e+02 8.831673325539245445e-01
4.044843921960980424e+02 8.490609446608479161e-01
4.049352676338168635e+02 8.537439635618909728e-01
4.053861430715357415e+02 9.002495543665801625e-01
4.058370185092546194e+02 9.562193798936048372e-01
4.062878939469734405e+02 9.921706690905082171e-01
4.067387693846923185e+02 1.003280560153311018e+00
4.071896448224111964e+02 9.969645594536484801e-01
4.076405202601300175e+02 9.832308170476459219e-01
4.080913956978488955e+02 9.730257547748477620e-01
4.085422711355677734e+02 9.748960581471732834e-01
4.089931465732865945e+02 9.888399767141894392e-01
4.094440220110054725e+02 1.004490596483313958e+00
4.098948974487243504e+02 1.010265641654344515e+00
4.103457728864432283e+02 1.003889384128245466e+00
4.107966483241620494e+02 9.896591619355783465e-01
4.112475237618809274e+02 9.727325271617176528e-01
4.116983991995998053e+02 9.609440475125748948e-01
4.121492746373186264e+02 9.596278719912362254e-01
4.126001500750375044e+02 9.606954783910744977e-01
4.130510255127563823e+02 9.588353542910477145e-01
4.135019009504752034e+02 9.553073276471342190e-01
4.139527763881940814e+02 9.533952421925225851e-01
4.144036518259129593e+02 9.574412794743886179e-01
4.148545272636317804e+02 9.725821539433965324e-01
4.153054027013506584e+02 1.003385405000270181e+00
4.157562781390695363e+02 1.045955929577849552e+00
4.162071535767883574e+02 1.075081089723935124e+00
4.166580290145072354e+02 1.069161937294537124e+00
4.171089044522261133e+02 1.041842705846987016e+00
4.175597798899449344e+02 1.011878393517358754e+00
4.180106553276638124e+02 9.873383035563684240e-01
4.184615307653826903e+02 9.724413664048294770e-01
4.189124062031015114e+02 9.656962385838357976e-01
4.193632816408203894e+02 9.588739770592312750e-01
4.198141570785392673e+02 9.510812941065770465e-01
4.202650325162580884e+02 9.443445099685573441e-01
4.207159079539769664e+02 9.392658587818272231e-01
4.211667833916958443e+02 9.341957281383630463e-01
4.216176588294146654e+02 9.256368160959131952e-01
4.220685342671335434e+02 9.132763611680232430e-01
4.225194097048524213e+02 9.015950781660827529e-01
4.229702851425712424e+02 8.933266223917556426e-01
4.234211605802901204e+02 8.868809253088253408e-01
4.238720360180089983e+02 8.787407258093454798e-01
4.243229114557278194e+02 8.675347316483142945e-01
4.247737868934466974e+02 8.596797788359034076e-01
4.252246623311655753e+02 8.735911041150646872e-01
4.256755377688843964e+02 9.222196555604124102e-01
4.261264132066032744e+02 9.766200499524869683e-01
4.265772886443221523e+02 9.985571820808645249e-01
4.270281640820409734e+02 9.800120704403098015e-01
4.274790395197598514e+02 9.320076374806380848e-01
4.279299149574787293e+02 8.768721559005707711e-01
4.283807903951975504e+02 8.386443741169850030e-01
4.288316658329164284e+02 8.294186412868809199e-01
4.292825412706353063e+02 8.439696912871218482e-01
4.297334167083541274e+02 8.663682551627984729e-01
4.301842921460730054e+02 8.821302339412651072e-01
4.306351675837918833e+02 8.846607600847804509e-01
4.310860430215107613e+02 8.759599110621579809e-01
4.315369184592295824e+02 8.646350693685384003e-01
4.319877938969484603e+02 8.579058975440443380e-01
4.324386693346673383e+02 8.598891446628053048e-01
4.328895447723861594e+02 8.796295289358565528e-01
4.333404202101050373e+02 9.282467237527726178e-01
4.337912956478239153e+02 9.924704575573668475e-01
4.342421710855427364e+02 1.047222850343198397e+00
4.346930465232616143e+02 1.081946408220180844e+00
4.351439219609804923e+02 1.084360728738883894e+00
4.355947973986993134e+02 1.044018496176217559e+00
4.360456728364181913e+02 9.829407576483861764e-01
4.364965482741370693e+02 9.456732782315400154e-01
4.369474237118558904e+02 9.576326909354111461e-01
4.373982991495747683e+02 1.016979548208212458e+00
4.378491745872936463e+02 1.098365592348874653e+00
4.383000500250124674e+02 1.169853347239955710e+00
4.387509254627313453e+02 1.216466412426400856e+00
4.392018009004502233e+02 1.238693258978224243e+00
4.396526763381690444e+02 1.236895959582582583e+00
4.401035517758879223e+02 1.201110421429349540e+00
4.405544272136068003e+02 1.118264723948554140e+00
4.410053026513256214e+02 1.007980154088527147e+00
4.414561780890444993e+02 9.255908135308575924e-01
4.419070535267633772e+02 9.004454081492594408e-01
4.423579289644821984e+02 9.155310164641282666e-01
4.428088044022010763e+02 9.342883905685710477e-01
4.432596798399199542e+02 9.360513042285059093e-01
4.437105552776387754e+02 9.256234108510276171e-01
4.441614307153576533e+02 9.157698259591442458e-01
4.446123061530765312e+02 9.160217669605554835e-01
4.450631815907953523e+02 9.306067545323615242e-01
4.455140570285142303e+02 9.533811787027524076e-01
4.459649324662331082e+02 9.626340076632317055e-01
4.464158079039519293e+02 9.461302792739978429e-01
4.468666833416708073e+02 9.187231449442722075e-01
4.473175587793896852e+02 8.944625185138245227e-01
4.477684342171085063e+02 8.792603816764396063e-01
4.482193096548273843e+02 8.795311395680309730e-01
4.486701850925462622e+02 9.049712686577136012e-01
4.491210605302650833e+02 9.546326211041178400e-01
4.495719359679839613e+02 9.989550234063031553e-01
4.500228114057028392e+02 1.016575103679082881e+00
4.504736868434216603e+02 1.019359833044763075e+00
4.509245622811405383e+02 1.020616096743867551e+00
4.513754377188594162e+02 1.019795479267991967e+00
4.518263131565782942e+02 1.002341849485515857e+00
4.522771885942971153e+02 9.536857329053979315e-01
4.527280640320159932e+02 8.954301768787529259e-01
4.531789394697348712e+02 8.578797262251753875e-01
4.536298149074536923e+02 8.414487271129609258e-01
4.540806903451725702e+02 8.393128056958714112e-01
4.545315657828914482e+02 8.473766067562232829e-01
4.549824412206102693e+02 8.595945948992664842e-01
4.554333166583291472e+02 8.689736132751592068e-01
4.558841920960480252e+02 8.755104848179424692e-01
4.563350675337668463e+02 8.824467579047433619e-01
4.567859429714857242e+02 8.903802469727385427e-01
4.572368184092046022e+02 8.977438420229351124e-01
4.576876938469234233e+02 9.004909565631036283e-01
4.581385692846423012e+02 8.911244420703433589e-01
4.585894447223611792e+02 8.693577448377141081e-01
4.590403201600800003e+02 8.487574069646626196e-01
4.594911955977988782e+02 8.328867876775466472e-01
4.599420710355177562e+02 8.177171595426626638e-01
4.603929464732365773e+02 8.028333630070499938e-01
4.608438219109554552e+02 7.931661056142697008e-01
4.612946973486743332e+02 7.987989246478466310e-01
4.617455727863931543e+02 8.325689449813972187e-01
4.621964482241120322e+02 9.005591665279407687e-01
4.626473236618309102e+02 9.888291621634823780e-01
4.630981990995497313e+02 1.068165943701847365e+00
4.635490745372686092e+02 1.110798846128520978e+00
4.639999499749874872e+02 1.086672535275173601e+00
4.644508254127063083e+02 1.030327035804066815e+00
4.649017008504251862e+02 1.006623111343529997e+00
4.653525762881440642e+02 9.993478755910027989e-01
4.658034517258628853e+02 9.939457977845771453e-01
4.662543271635817632e+02 9.878920636443119241e-01
4.667052026013006412e+02 9.834127900118000420e-01
4.671560780390194623e+02 9.833944048891919421e-01
4.676069534767383402e+02 9.868934971196181571e-01
4.680578289144572182e+02 9.872186388322100603e-01
4.685087043521760393e+02 9.767275921124287663e-01
4.689595797898949172e+02 9.570311998500120598e-01
4.694104552276137952e+02 9.376219728350984051e-01
4.698613306653326163e+02 9.244450918123048311e-01
4.703122061030514942e+02 9.193278923656807988e-01
4.707630815407703722e+02 9.272679812814467182e-01
4.712139569784891933e+02 9.615152491895350151e-01
4.716648324162080712e+02 1.019190434019358049e+00
4.721157078539269492e+02 1.048978679764489330e+00
4.725665832916457703e+02 1.033294972056383099e+00
4.730174587293646482e+02 9.969094081467546609e-01
4.734683341670835262e+02 9.602507733120763112e-01
4.739192096048024041e+02 9.369016632780419185e-01
4.743700850425212252e+02 9.371424912377718242e-01
4.748209604802401032e+02 9.650485531367594128e-01
4.752718359179589811e+02 1.004447367545669989e+00
4.757227113556778022e+02 1.014656382821163882e+00
4.761735867933966802e+02 9.738906683876332737e-01
4.766244622311155581e+02 9.092917545026971693e-01
4.770753376688343792e+02 8.575167642101342302e-01
4.775262131065532571e+02 8.361162657592318137e-01
4.779770885442721351e+02 8.524794715740534601e-01
4.784279639819909562e+02 9.022453258345233262e-01
4.788788394197098341e+02 9.537335147058837448e-01
4.793297148574287121e+02 9.784316901267103850e-01
4.797805902951475332e+02 9.782287237449891482e-01
4.802314657328664111e+02 9.644448638331105661e-01
4.806823411705852891e+02 9.470493530255965631e-01
4.811332166083041102e+02 9.364946538398420950e-01
4.815840920460229881e+02 9.380992059800585814e-01
4.820349674837418661e+02 9.420735841722737147e-01
4.824858429214606872e+02 9.266798185519266040e-01
4.829367183591795651e+02 8.816454409922879210e-01
4.833875937968984431e+02 8.294834002440958365e-01
4.838384692346172642e+02 7.968485338317670141e-01
4.842893446723361421e+02 7.946239214182930777e-01
4.847402201100550201e+02 8.462738119064803222e-01
4.851910955477738412e+02 9.810526918928398343e-01
4.856419709854927191e+02 1.115605604715582233e+00
4.860928464232115971e+02 1.167022771849529628e+00
4.865437218609304182e+02 1.162097328050747169e+00
4.869945972986492961e+02 1.123110752079719665e+00
4.874454727363681741e+02 1.062233906015451534e+00
4.878963481740869952e+02 9.976281559537925059e-01
4.883472236118058731e+02 9.415929613073074078e-01
4.887980990495247511e+02 8.940847686467942035e-01
4.892489744872435722e+02 8.529474687148532741e-01
4.896998499249624501e+02 8.257807277598050444e-01
4.901507253626813281e+02 8.304595301382869943e-01
4.906016008004001492e+02 8.725196848855463205e-01
4.910524762381190271e+02 9.309006843364378003e-01
4.915033516758379051e+02 9.765979040252027454e-01
4.919542271135567262e+02 9.923838366301023228e-01
4.924051025512756041e+02 9.790594912580876663e-01
4.928559779889944821e+02 9.490622236501632392e-01
4.933068534267133032e+02 9.147229927678525163e-01
4.937577288644321811e+02 8.832003689020373471e-01
4.942086043021510591e+02 8.591967170928420661e-01
4.946594797398699370e+02 8.442669640700612987e-01
4.951103551775887581e+02 8.326541497733862540e-01
4.955612306153076361e+02 8.194190216797354598e-01
4.960121060530265140e+02 8.080520814049451106e-01
4.964629814907453351e+02 8.076714096892061434e-01
4.969138569284642131e+02 8.236888771310277857e-01
4.973647323661830910e+02 8.504253307733716793e-01
4.978156078039019121e+02 8.732007180358922760e-01
4.982664832416207901e+02 8.774798674608833560e-01
4.987173586793396680e+02 8.603909103133114966e-01
4.991682341170584891e+02 8.353461538009584464e-01
4.996191095547773671e+02 8.195600107359496400e-01
5.000699849924962450e+02 8.195058086564208644e-01
5.005208604302150661e+02 8.331753348254015146e-01
5.009717358679339441e+02 8.624500781232806723e-01
5.014226113056528220e+02 9.273418149434741187e-01
5.018734867433716431e+02 1.029718633434324238e+00
5.023243621810905211e+02 1.080797431605831971e+00
5.027752376188093990e+02 1.072589803414571330e+00
5.032261130565282201e+02 1.040806713061665612e+00
5.036769884942470981e+02 9.992868986730253367e-01
5.041278639319659760e+02 9.569345063564121956e-01
5.045787393696847971e+02 9.222721014956822838e-01
5.050296148074036751e+02 8.999675752394212802e-01
5.054804902451225530e+02 8.883958017540248830e-01
5.059313656828413741e+02 8.792332282889846473e-01
5.063822411205602521e+02 8.610779829803990593e-01
5.068331165582791300e+02 8.385185869118373381e-01
5.072839919959979511e+02 8.355331737104290113e-01
5.077348674337168291e+02 8.608839538976102990e-01
5.081857428714357070e+02 9.051878493912718371e-01
5.086366183091545281e+02 9.467892193783058463e-01
5.090874937468734061e+02 9.591342777386756557e-01
5.095383691845922840e+02 9.371231932156238731e-01
5.099892446223111051e+02 9.054304690417099843e-01
5.104401200600299831e+02 8.863769953674804913e-01
5.108909954977488610e+02 8.809287345990293172e-01
5.113418709354676821e+02 8.824985302685762756e-01
5.117927463731865600e+02 8.886328820796717265e-01
5.122436218109054380e+02 9.001631799118497979e-01
5.126944972486243159e+02 9.164316530539797778e-01
5.131453726863431939e+02 9.314273851708857466e-01
5.135962481240619582e+02 9.338716400589834876e-01
5.140471235617808361e+02 9.147028410890987171e-01
5.144979989994997140e+02 8.788783316184589633e-01
5.149488744372185920e+02 8.453756393125821944e-01
5.153997498749374699e+02 8.271942246754885320e-01
5.158506253126563479e+02 8.219417621937049612e-01
5.163015007503751121e+02 8.221199413353242891e-01
5.167523761880939901e+02 8.208401600706266565e-01
5.172032516258128680e+02 8.133976551390720289e-01
5.176541270635317460e+02 7.999986064101457517e-01
5.181050025012506239e+02 7.852432094481457403e-01
5.185558779389695019e+02 7.750544593959522999e-01
5.190067533766882661e+02 7.748113279140015353e-01
5.194576288144071441e+02 7.879346186403975993e-01
5.199085042521260220e+02 8.124510752955084181e-01
5.203593796898449000e+02 8.421598657787341402e-01
5.208102551275637779e+02 8.763643611678144651e-01
5.212611305652826559e+02 9.232248543744201452e-01
5.217120060030014201e+02 9.907064151873871127e-01
5.221628814407202981e+02 1.067296629718960777e+00
5.226137568784391760e+02 1.115247086395476428e+00
5.230646323161580540e+02 1.103390140664466390e+00
5.235155077538769319e+02 1.039432282404666896e+00
5.239663831915958099e+02 9.640166289018080592e-01
5.244172586293145741e+02 9.115900512112610210e-01
5.248681340670334521e+02 8.916001775605876256e-01
5.253190095047523300e+02 9.035777728196845437e-01
5.257698849424712080e+02 9.428873700377159439e-01
5.262207603801900859e+02 9.822031289555178679e-01
5.266716358179089639e+02 9.825706280430935857e-01
5.271225112556278418e+02 9.470869813058164777e-01
5.275733866933466061e+02 9.041175248024587718e-01
5.280242621310654840e+02 8.714836146058471122e-01
5.284751375687843620e+02 8.531441395748184942e-01
5.289260130065032399e+02 8.429891809907316125e-01
5.293768884442221179e+02 8.318722812703225333e-01
5.298277638819409958e+02 8.157645559369102184e-01
5.302786393196597601e+02 7.955320804813300617e-01
5.307295147573786380e+02 7.724832315413573403e-01
5.311803901950975160e+02 7.465077718177406396e-01
5.316312656328163939e+02 7.204656325974521103e-01
5.320821410705352719e+02 7.054351247941955672e-01
5.325330165082541498e+02 7.029881158644286643e-01
5.329838919459729141e+02 7.077110919706314229e-01
5.334347673836917920e+02 7.216272577239967179e-01
5.338856428214106700e+02 7.490342786290627997e-01
5.343365182591295479e+02 7.792074489279280369e-01
5.347873936968484259e+02 7.938953015073266783e-01
5.352382691345673038e+02 7.948442252574386968e-01
5.356891445722860681e+02 7.908347101448954808e-01
5.361400200100049460e+02 7.855092832280489157e-01
5.365908954477238240e+02 7.790922801664532660e-01
5.370417708854427019e+02 7.718557769837172122e-01
5.374926463231615799e+02 7.660025912833692274e-01
5.379435217608804578e+02 7.663950269976952390e-01
5.383943971985992221e+02 7.789450471974139756e-01
5.388452726363181000e+02 8.015535687670055642e-01
5.392961480740369780e+02 8.153110654739639251e-01
5.397470235117558559e+02 8.055933732954296822e-01
5.401978989494747339e+02 7.845322208842333556e-01
5.406487743871936118e+02 7.684304149632354974e-01
5.410996498249123761e+02 7.608242528253326142e-01
5.415505252626312540e+02 7.593157288049163789e-01
5.420014007003501320e+02 7.632181892295153425e-01
5.424522761380690099e+02 7.824328984433872591e-01
5.429031515757878879e+02 8.464089443256609391e-01
5.433540270135067658e+02 9.230194290603097595e-01
5.438049024512255301e+02 9.525743858847559586e-01
5.442557778889444080e+02 9.550032466111793017e-01
5.447066533266632860e+02 9.407513858929692496e-01
5.451575287643821639e+02 9.087306770662116895e-01
5.456084042021010418e+02 8.618542974948655289e-01
5.460592796398199198e+02 8.160285274031804370e-01
5.465101550775387977e+02 7.932239885869030172e-01
5.469610305152575620e+02 7.970910807962483524e-01
5.474119059529764399e+02 8.119520885823221512e-01
5.478627813906953179e+02 8.255257282111263528e-01
5.483136568284141958e+02 8.341963190688571617e-01
5.487645322661330738e+02 8.348951244002124072e-01
5.492154077038519517e+02 8.167546548968330766e-01
5.496662831415707160e+02 7.828742034884016432e-01
5.501171585792895939e+02 7.681103711062490236e-01
5.505680340170084719e+02 7.685748731863742966e-01
5.510189094547273498e+02 7.719681916285265899e-01
5.514697848924462278e+02 7.743209028142727934e-01
5.519206603301651057e+02 7.736253310816358919e-01
5.523715357678838700e+02 7.678738299421805635e-01
5.528224112056027479e+02 7.581154644092348294e-01
5.532732866433216259e+02 7.522442909317440529e-01
5.537241620810405038e+02 7.586493993133359703e-01
5.541750375187593818e+02 7.804613794504245972e-01
5.546259129564782597e+02 8.170007029807180299e-01
5.550767883941970240e+02 8.619417506572173426e-01
5.555276638319159019e+02 9.033503544279227748e-01
5.559785392696347799e+02 9.307892071135310808e-01
5.564294147073536578e+02 9.418837443851634239e-01
5.568802901450725358e+02 9.428228112468189925e-01
5.573311655827914137e+02 9.452212221461052666e-01
5.577820410205101780e+02 9.645536847422531146e-01
5.582329164582290559e+02 1.009147435635916468e+00
5.586837918959479339e+02 1.058539192293322273e+00
5.591346673336668118e+02 1.089829406537778933e+00
5.595855427713856898e+02 1.100205942180267682e+00
5.600364182091045677e+02 1.083024353006584617e+00
5.604872936468233320e+02 1.022626650584277153e+00
5.609381690845422099e+02 9.454576799785935348e-01
5.613890445222610879e+02 9.115233998086119671e-01
5.618399199599799658e+02 9.175197901223896002e-01
5.622907953976988438e+02 9.339251785192503874e-01
5.627416708354177217e+02 9.414356261052023722e-01
5.631925462731364860e+02 9.323463815208220540e-01
5.636434217108553639e+02 9.101488436363375234e-01
5.640942971485742419e+02 8.836525988112924335e-01
5.645451725862931198e+02 8.605715894223563422e-01
5.649960480240119978e+02 8.473172211692253653e-01
5.654469234617308757e+02 8.488142839052664756e-01
5.658977988994496400e+02 8.606637669033605498e-01
5.663486743371685179e+02 8.706171729571571261e-01
5.667995497748873959e+02 8.776627808806646280e-01
5.672504252126062738e+02 8.900387513142942186e-01
5.677013006503251518e+02 9.112626556974156022e-01
5.681521760880440297e+02 9.349398540019371318e-01
5.686030515257629077e+02 9.405329663823235320e-01
5.690539269634816719e+02 8.822075593622795697e-01
5.695048024012005499e+02 7.793801568596624429e-01
5.699556778389194278e+02 7.406091763445802334e-01
5.704065532766383058e+02 7.468462499412973354e-01
5.708574287143571837e+02 7.660223806076597031e-01
5.713083041520760617e+02 7.898957564696917899e-01
5.717591795897948259e+02 8.163342122701036097e-01
5.722100550275137039e+02 8.423341804371993202e-01
5.726609304652325818e+02 8.631375365021608514e-01
5.731118059029514598e+02 8.772930255797785071e-01
5.735626813406703377e+02 8.894751615195501948e-01
5.740135567783892157e+02 9.062753470154404356e-01
5.744644322161079799e+02 9.305237071436498475e-01
5.749153076538268579e+02 9.530199687748504012e-01
5.753661830915457358e+02 9.560740180580952208e-01
5.758170585292646138e+02 9.273568495335522410e-01
5.762679339669834917e+02 8.724531887317333867e-01
5.767188094047023696e+02 8.270402281894221330e-01
5.771696848424211339e+02 8.115745969837546703e-01
5.776205602801400119e+02 8.161312649645384720e-01
5.780714357178588898e+02 8.270987111649170664e-01
5.785223111555777677e+02 8.321391120596495217e-01
5.789731865932966457e+02 8.226260853126818873e-01
5.794240620310155236e+02 8.038412190951662595e-01
5.798749374687342879e+02 7.943529200187087191e-01
5.803258129064531659e+02 8.116886203837885283e-01
5.807766883441720438e+02 8.577042735287013775e-01
5.812275637818909217e+02 9.117539545847072047e-01
5.816784392196097997e+02 9.457204628467826835e-01
5.821293146573286776e+02 9.427399882978986234e-01
5.825801900950474419e+02 9.018944622901674535e-01
5.830310655327663198e+02 8.415739437973562831e-01
5.834819409704851978e+02 7.881728588132013158e-01
5.839328164082040757e+02 7.564531004366989997e-01
5.843836918459229537e+02 7.458468112832681296e-01
5.848345672836418316e+02 7.472654338207457281e-01
5.852854427213605959e+02 7.525911383424831458e-01
5.857363181590794738e+02 7.587398458227814224e-01
5.861871935967983518e+02 7.660499762451380423e-01
5.866380690345172297e+02 7.772289923795088207e-01
5.870889444722361077e+02 8.011535913044904866e-01
5.875398199099549856e+02 8.584991328949477252e-01
5.879906953476737499e+02 9.479940659496639555e-01
5.884415707853926278e+02 1.004892585880160283e+00
5.888924462231115058e+02 1.006060592952505939e+00
5.893433216608303837e+02 9.745539039475911158e-01
5.897941970985492617e+02 9.299995235244690184e-01
5.902450725362681396e+02 8.868881508513644096e-01
5.906959479739870176e+02 8.522750249303351344e-01
5.911468234117057818e+02 8.261187830127024734e-01
5.915976988494246598e+02 8.066512391492844936e-01
5.920485742871435377e+02 7.939536293351112661e-01
5.924994497248624157e+02 7.897013628814785191e-01
5.929503251625812936e+02 7.949158747556035465e-01
5.934012006003001716e+02 8.105105814869010272e-01
5.938520760380189358e+02 8.361829533231777134e-01
5.943029514757378138e+02 8.648860640782684017e-01
5.947538269134566917e+02 8.864380497774057011e-01
5.952047023511755697e+02 8.968702816879329243e-01
5.956555777888944476e+02 8.937720464129643716e-01
5.961064532266133256e+02 8.664199385895825500e-01
5.965573286643320898e+02 8.260914282380809048e-01
5.970082041020509678e+02 8.161953439021024659e-01
5.974590795397698457e+02 8.292592926977612189e-01
5.979099549774887237e+02 8.502306566589932224e-01
5.983608304152076016e+02 8.750556036415468864e-01
5.988117058529264796e+02 9.025732015467995417e-01
5.992625812906452438e+02 9.286155120182779665e-01
5.997134567283641218e+02 9.421234205425826902e-01
6.001643321660829997e+02 9.422280456817661021e-01
6.006152076038018777e+02 9.405879294859252893e-01
6.010660830415207556e+02 9.403938694753759542e-01
6.015169584792396336e+02 9.372931365845208473e-01
6.019678339169583978e+02 9.234916528262939739e-01
6.024187093546772758e+02 8.930483483117206411e-01
6.028695847923961537e+02 8.503725631784040395e-01
6.033204602301150317e+02 8.107556673130661418e-01
6.037713356678339096e+02 7.907228107896967506e-01
6.042222111055527876e+02 8.016839591648210472e-01
6.046730865432715518e+02 8.484210978126286440e-01
6.051239619809904298e+02 9.217866339644861240e-01
6.055748374187093077e+02 9.898880685872358809e-01
6.060257128564281857e+02 1.024419165050759917e+00
6.064765882941470636e+02 1.031088525966418201e+00
6.069274637318659416e+02 1.028780892703501593e+00
6.073783391695847058e+02 1.027504489279430944e+00
6.078292146073035838e+02 1.027770409258759621e+00
6.082800900450224617e+02 1.026743217888396176e+00
6.087309654827413397e+02 1.021782632610844566e+00
6.091818409204602176e+02 1.009552856884637251e+00
6.096327163581790956e+02 9.886821005718581246e-01
6.100835917958979735e+02 9.712822590895384689e-01
6.105344672336167378e+02 9.643667175477721454e-01
6.109853426713356157e+02 9.616477931957910785e-01
6.114362181090544937e+02 9.575028768896767239e-01
6.118870935467733716e+02 9.469478410526730450e-01
6.123379689844922495e+02 9.333009472545805707e-01
6.127888444222111275e+02 9.323968364066775871e-01
6.132397198599298918e+02 9.423336726707889355e-01
6.136905952976487697e+02 9.532265807003785785e-01
6.141414707353676476e+02 9.564098840936217094e-01
6.145923461730865256e+02 9.421503110070630349e-01
6.150432216108054035e+02 9.085321827313579401e-01
6.154940970485242815e+02 8.682651259551797951e-01
6.159449724862430458e+02 8.353796895002683076e-01
6.163958479239619237e+02 8.166810485786746288e-01
6.168467233616808016e+02 8.178955002783130368e-01
6.172975987993996796e+02 8.457794940121355909e-01
6.177484742371185575e+02 8.866277725453702852e-01
6.181993496748374355e+02 8.947861636962801679e-01
6.186502251125561997e+02 8.509723931327882740e-01
6.191011005502750777e+02 7.811935882792825359e-01
6.195519759879939556e+02 7.193725626848548327e-01
6.200028514257128336e+02 6.818912565280336180e-01
6.204537268634317115e+02 6.672009141716833680e-01
6.209046023011505895e+02 6.664129774132507844e-01
6.213554777388693537e+02 6.703374760905140839e-01
6.218063531765882317e+02 6.734862737504700991e-01
6.222572286143071096e+02 6.746470743728565367e-01
6.227081040520259876e+02 6.746059662258333534e-01
6.231589794897448655e+02 6.742358791768455761e-01
6.236098549274637435e+02 6.739538270793248298e-01
6.240607303651825077e+02 6.741339328049189561e-01
6.245116058029013857e+02 6.779227637554888775e-01
6.249624812406202636e+02 7.086068148981296000e-01
6.254133566783391416e+02 7.784994697987716039e-01
6.258642321160580195e+02 8.023846001820665874e-01
6.263151075537768975e+02 8.058076722322534691e-01
6.267659829914956617e+02 8.083616043146424346e-01
6.272168584292145397e+02 8.136459881502221547e-01
6.276677338669334176e+02 8.236118828579267470e-01
6.281186093046522956e+02 8.393329704781286038e-01
6.285694847423711735e+02 8.580267240141743468e-01
6.290203601800900515e+02 8.689982432274475643e-01
6.294712356178088157e+02 8.559279519616781462e-01
6.299221110555276937e+02 8.157798673240623799e-01
6.303729864932465716e+02 7.763321770024157464e-01
6.308238619309654496e+02 7.695447304445260928e-01
6.312747373686843275e+02 8.003524826647867574e-01
6.317256128064032055e+02 8.540179470983801924e-01
6.321764882441220834e+02 9.062511356056244249e-01
6.326273636818408477e+02 9.193103144199606946e-01
6.330782391195597256e+02 8.720427010976581350e-01
6.335291145572786036e+02 8.258115994982295760e-01
6.339799899949974815e+02 8.163783950895192598e-01
6.344308654327163595e+02 8.252754749469680684e-01
6.348817408704352374e+02 8.355061858065521152e-01
6.353326163081540017e+02 8.316008632500045961e-01
6.357834917458728796e+02 8.005394035849082712e-01
6.362343671835917576e+02 7.618264907031819799e-01
6.366852426213106355e+02 7.468570985003706308e-01
6.371361180590295135e+02 7.592951520505887286e-01
6.375869934967483914e+02 7.948845995042079782e-01
6.380378689344671557e+02 8.476128874576795980e-01
6.384887443721860336e+02 9.031052817343565575e-01
6.389396198099049116e+02 9.471268705880385719e-01
6.393904952476237895e+02 9.787906184929547893e-01
6.398413706853426675e+02 1.005025567014024013e+00
6.402922461230615454e+02 1.030302760378662530e+00
6.407431215607803097e+02 1.052864064390565124e+00
6.411939969984991876e+02 1.059906540271901010e+00
6.416448724362180656e+02 1.044737308611791482e+00
6.420957478739369435e+02 1.032696107771724936e+00
6.425466233116558215e+02 1.028920519416319790e+00
6.429974987493746994e+02 1.028005184167573027e+00
6.434483741870934637e+02 1.027658287490353706e+00
6.438992496248123416e+02 1.026313617260659949e+00
6.443501250625312196e+02 1.015509809219479420e+00
6.448010005002500975e+02 9.533247416624899273e-01
6.452518759379689754e+02 8.521151498969810056e-01
6.457027513756878534e+02 8.187199080889707714e-01
6.461536268134066177e+02 8.111106354253270201e-01
6.466045022511254956e+02 8.051464706287598805e-01
6.470553776888443736e+02 7.970117853709159927e-01
6.475062531265632515e+02 7.869163593716312910e-01
6.479571285642821294e+02 7.773619160670113271e-01
6.484080040020010074e+02 7.731570428366723036e-01
6.488588794397197717e+02 7.808579050018730205e-01
6.493097548774386496e+02 8.041802005474580906e-01
6.497606303151575275e+02 8.341912480060282853e-01
6.502115057528764055e+02 8.557995554506484526e-01
6.506623811905952834e+02 8.648601767748052005e-01
6.511132566283141614e+02 8.649915436487685128e-01
6.515641320660330393e+02 8.623077829368861469e-01
6.520150075037518036e+02 8.628971133039322616e-01
6.524658829414706815e+02 8.675223733693806505e-01
6.529167583791895595e+02 8.740790357421054368e-01
6.533676338169084374e+02 8.805253724534823911e-01
6.538185092546273154e+02 8.842508486425436631e-01
6.542693846923461933e+02 8.820994787798023262e-01
6.547202601300649576e+02 8.756731732728413320e-01
6.551711355677838355e+02 8.694450623214702301e-01
6.556220110055027135e+02 8.618070701506288511e-01
6.560728864432215914e+02 8.486981579191328340e-01
6.565237618809404694e+02 8.280468151775823848e-01
6.569746373186593473e+02 8.014701625253564110e-01
6.574255127563781116e+02 7.732394488513946174e-01
6.578763881940969895e+02 7.472578221491517070e-01
6.583272636318158675e+02 7.253640002508774387e-01
6.587781390695347454e+02 7.077308051885675688e-01
6.592290145072536234e+02 6.938089505515339095e-01
6.596798899449725013e+02 6.829070264490034736e-01
6.601307653826912656e+02 6.744105966834155197e-01
6.605816408204101435e+02 6.681834833518359718e-01
6.610325162581290215e+02 6.844181220765377383e-01
6.614833916958478994e+02 8.283465215300158668e-01
6.619342671335667774e+02 8.467474562154539974e-01
6.623851425712856553e+02 8.451088619157066661e-01
6.628360180090044196e+02 8.433922269137361649e-01
6.632868934467232975e+02 8.420338852751722003e-01
6.637377688844421755e+02 8.411207893553622750e-01
6.641886443221610534e+02 8.407374419126306675e-01
6.646395197598799314e+02 8.409639067311761584e-01
6.650903951975988093e+02 8.418662840405863879e-01
6.655412706353175736e+02 8.434941625436623847e-01
6.659921460730364515e+02 8.459435053662689441e-01
6.664430215107553295e+02 8.498721607052351912e-01
6.668938969484742074e+02 8.599241072954916243e-01
6.673447723861930854e+02 9.007897548948420319e-01
6.677956478239119633e+02 9.999451493422057968e-01
6.682465232616307276e+02 1.042268702108717138e+00
6.686973986993496055e+02 1.020908203893452271e+00
6.691482741370684835e+02 9.869316535754144581e-01
6.695991495747873614e+02 9.528222030117188268e-01
6.700500250125062394e+02 9.215822273064189218e-01
6.705009004502251173e+02 8.943141370747059726e-01
6.709517758879438816e+02 8.712458487185164024e-01
6.714026513256627595e+02 8.523909661659822001e-01
6.718535267633816375e+02 8.404856074641428032e-01
6.723044022011005154e+02 8.500858554265592337e-01
6.727552776388193934e+02 8.807910748343874552e-01
6.732061530765382713e+02 9.057823810896173944e-01
6.736570285142571493e+02 9.287277999871004219e-01
6.741079039519759135e+02 9.534548728974548970e-01
6.745587793896947915e+02 9.742563551458109927e-01
6.750096548274136694e+02 9.702245502626613005e-01
6.754605302651325474e+02 9.082454270560663678e-01
6.759114057028514253e+02 8.109933837828050551e-01
6.763622811405703033e+02 7.510769028001265113e-01
6.768131565782890675e+02 7.333179824475105635e-01
6.772640320160079455e+02 7.346490811951421618e-01
6.777149074537268234e+02 7.431049392830072486e-01
6.781657828914457014e+02 7.544563830063750753e-01
6.786166583291645793e+02 7.675942644125354208e-01
6.790675337668834572e+02 7.840058244421287403e-01
6.795184092046022215e+02 8.060326531597150623e-01
6.799692846423210995e+02 8.325410406222054638e-01
6.804201600800399774e+02 8.610394210167783280e-01
6.808710355177588553e+02 8.896309794867585108e-01
6.813219109554777333e+02 9.157894522547151972e-01
6.817727863931966112e+02 9.333969673066334627e-01
6.822236618309153755e+02 9.212969344297603502e-01
6.826745372686342535e+02 8.491943357452559349e-01
6.831254127063531314e+02 7.785821628689132412e-01
6.835762881440720093e+02 7.533689568162695860e-01
6.840271635817908873e+02 7.451672177723028812e-01
6.844780390195097652e+02 7.398549885308784990e-01
6.849289144572285295e+02 7.350971377766479797e-01
6.853797898949474074e+02 7.313072489214877958e-01
6.858306653326662854e+02 7.287388869430414529e-01
6.862815407703851633e+02 7.271476261922503737e-01
6.867324162081040413e+02 7.261705191041930574e-01
6.871832916458229192e+02 7.255964708834103938e-01
6.876341670835416835e+02 7.262159808771480041e-01
6.880850425212605614e+02 7.414643731156737028e-01
6.885359179589794394e+02 8.637275645437173521e-01
6.889867933966983173e+02 9.930824298870923883e-01
6.894376688344171953e+02 1.012069308431162273e+00
6.898885442721360732e+02 1.016926861432920992e+00
6.903394197098548375e+02 1.025272915765521820e+00
6.907902951475737154e+02 1.041969302556193133e+00
6.912411705852925934e+02 1.068480129903269127e+00
6.916920460230114713e+02 1.097557273457386851e+00
6.921429214607303493e+02 1.118257511263765158e+00
6.925937968984492272e+02 1.127411488925266436e+00
6.930446723361681052e+02 1.126439819452819124e+00
6.934955477738868694e+02 1.111523735953152237e+00
6.939464232116057474e+02 1.066926475836058374e+00
6.943972986493246253e+02 9.837956205057929449e-01
6.948481740870435033e+02 9.056244505058547167e-01
6.952990495247623812e+02 8.641877464111969998e-01
6.957499249624812592e+02 8.439690111090473179e-01
6.962008004002000234e+02 8.326975654855723885e-01
6.966516758379189014e+02 8.341213914829695986e-01
6.971025512756377793e+02 8.681955582809983696e-01
6.975534267133566573e+02 9.476931707250264569e-01
6.980043021510755352e+02 1.018300031364480995e+00
6.984551775887944132e+02 1.030388763493638837e+00
6.989060530265131774e+02 1.002193541514845299e+00
6.993569284642320554e+02 9.578409952699031837e-01
6.998078039019509333e+02 9.099082091863354149e-01
7.002586793396698113e+02 8.651800302541515775e-01
7.007095547773886892e+02 8.262940359572136240e-01
7.011604302151075672e+02 7.875077313622919073e-01
7.016113056528263314e+02 7.352290104727418063e-01
7.020621810905452094e+02 7.006131804380290040e-01
7.025130565282640873e+02 6.870821422561785852e-01
7.029639319659829653e+02 6.775857854786727641e-01
7.034148074037018432e+02 6.690787503762991584e-01
7.038656828414207212e+02 6.619320908794757985e-01
7.043165582791394854e+02 6.573115001927367640e-01
7.047674337168583634e+02 6.568616922443728523e-01
7.052183091545772413e+02 6.628774770574825670e-01
7.056691845922961193e+02 6.803619802892773016e-01
7.061200600300149972e+02 7.212431554327924932e-01
7.065709354677338752e+02 7.912065401092526207e-01
7.070218109054526394e+02 8.501022917560370207e-01
7.074726863431715174e+02 8.604676239824555761e-01
7.079235617808903953e+02 8.367259377214304461e-01
7.083744372186092733e+02 8.017603936206161297e-01
7.088253126563281512e+02 7.693938557831000447e-01
7.092761880940470292e+02 7.449742001715122797e-01
7.097270635317657934e+02 7.286168491439010131e-01
7.101779389694846714e+02 7.205193959990293662e-01
7.106288144072035493e+02 7.190053665745188560e-01
7.110796898449224273e+02 7.198127218063391508e-01
7.115305652826413052e+02 7.216549061943967613e-01
7.119814407203601831e+02 7.252175152309472406e-01
7.124323161580789474e+02 7.322826416636382119e-01
7.128831915957978254e+02 7.454967778446521809e-01
7.133340670335167033e+02 7.659592346005175134e-01
7.137849424712355813e+02 7.878354432702139309e-01
7.142358179089544592e+02 8.001089273170436389e-01
7.146866933466733371e+02 8.002210779591868439e-01
7.151375687843922151e+02 7.954647067835698415e-01
7.155884442221109794e+02 7.914834543464150940e-01
7.160393196598298573e+02 7.893935428200091753e-01
7.164901950975487352e+02 7.891345427386400324e-01
7.169410705352676132e+02 7.918083444614650857e-01
7.173919459729864911e+02 7.971271862563151789e-01
7.178428214107053691e+02 8.029684742967353461e-01
7.182936968484241333e+02 8.110494858502076410e-01
7.187445722861430113e+02 8.232950441058120017e-01
7.191954477238618892e+02 8.390068191237793904e-01
7.196463231615807672e+02 8.533202283507048680e-01
7.200971985992996451e+02 8.584954003903525477e-01
7.205480740370185231e+02 8.470569216885195374e-01
7.209989494747372873e+02 8.152388855682499713e-01
7.214498249124561653e+02 7.692019666839856606e-01
7.219007003501750432e+02 7.246686071750394476e-01
7.223515757878939212e+02 6.930397436058822747e-01
7.228024512256127991e+02 6.748022533677580093e-01
7.232533266633316771e+02 6.663968861851939929e-01
7.237042021010504413e+02 6.708520178579936433e-01
7.241550775387693193e+02 7.112694821878444706e-01
7.246059529764881972e+02 7.568992292860468041e-01
7.250568284142070752e+02 7.656693070160451864e-01
7.255077038519259531e+02 7.626175714725126342e-01
7.259585792896448311e+02 7.557799269961769095e-01
7.264094547273635953e+02 7.458590155389597243e-01
7.268603301650824733e+02 7.333288818550549593e-01
7.273112056028013512e+02 7.196650444156676985e-01
7.277620810405202292e+02 7.070642798186066447e-01
7.282129564782391071e+02 6.978228261249435072e-01
7.286638319159579851e+02 6.948992498239567883e-01
7.291147073536767493e+02 7.048057293168690229e-01
7.295655827913956273e+02 7.382674876252587337e-01
7.300164582291145052e+02 7.930908284704780709e-01
7.304673336668333832e+02 8.464902705797520133e-01
7.309182091045522611e+02 8.875848373232759769e-01
7.313690845422711391e+02 9.166113985431271205e-01
7.318199599799899033e+02 9.316050533030381109e-01
7.322708354177087813e+02 9.316580283176966182e-01
7.327217108554276592e+02 9.209257923041506144e-01
7.331725862931465372e+02 9.058636200793879212e-01
7.336234617308654151e+02 8.910205744532712080e-01
7.340743371685842931e+02 8.756192318449763645e-01
7.345252126063030573e+02 8.334919351501476337e-01
7.349760880440219353e+02 7.173554221752406201e-01
7.354269634817408132e+02 6.662266141608363945e-01
7.358778389194596912e+02 6.615276974937839283e-01
7.363287143571785691e+02 6.625768711881120376e-01
7.367795897948974471e+02 6.647473950192008818e-01
7.372304652326163250e+02 6.689450097203726298e-01
7.376813406703350893e+02 6.790956663678644478e-01
7.381322161080539672e+02 7.048377214498680043e-01
7.385830915457728452e+02 7.566358240042548866e-01
7.390339669834917231e+02 8.117227047406727625e-01
7.394848424212106011e+02 8.307287398697761338e-01
7.399357178589294790e+02 8.290126940726022520e-01
7.403865932966482433e+02 8.350761112801060593e-01
7.408374687343671212e+02 8.614596982302377137e-01
7.412883441720859992e+02 9.091475625958432838e-01
7.417392196098048771e+02 9.714448183560525640e-01
7.421900950475237551e+02 1.037753382083089759e+00
7.426409704852426330e+02 1.097888713366255597e+00
7.430918459229613973e+02 1.137782250652668914e+00
7.435427213606802752e+02 1.066387521702919727e+00
7.439935967983991532e+02 8.166929531708383427e-01
7.444444722361180311e+02 7.443483512588742190e-01
7.448953476738369091e+02 7.391599698094398763e-01
7.453462231115557870e+02 7.418583053766414359e-01
7.457970985492745513e+02 7.480121858565701443e-01
7.462479739869934292e+02 7.586116217720516586e-01
7.466988494247123072e+02 7.736689332920020368e-01
7.471497248624311851e+02 7.904689789783864162e-01
7.476006003001500630e+02 8.052617999839786211e-01
7.480514757378689410e+02 8.163342655637675360e-01
7.485023511755877053e+02 8.241769468706230395e-01
7.489532266133065832e+02 8.299244323367749310e-01
7.494041020510254612e+02 8.344562036940811334e-01
7.498549774887443391e+02 8.381580992744636083e-01
7.503058529264632170e+02 8.389806305578005885e-01
7.507567283641820950e+02 8.130240974570607237e-01
7.512076038019008593e+02 7.738755008241299249e-01
7.516584792396197372e+02 7.730114280236947133e-01
7.521093546773386151e+02 7.800808964759279318e-01
7.525602301150574931e+02 7.908338304220107196e-01
7.530111055527763710e+02 8.057169597570609243e-01
7.534619809904952490e+02 8.249771081529418959e-01
7.539128564282140132e+02 8.480881705723051223e-01
7.543637318659328912e+02 8.737489498139235922e-01
7.548146073036517691e+02 9.003342194303191048e-01
7.552654827413706471e+02 9.266222157268334536e-01
7.557163581790895250e+02 9.524679052267757129e-01
7.561672336168084030e+02 9.772402328581466513e-01
7.566181090545272809e+02 9.919017169798038935e-01
7.570689844922460452e+02 9.935551855858275605e-01
7.575198599299649231e+02 9.926207645126905454e-01
7.579707353676838011e+02 9.915648624908937059e-01
7.584216108054026790e+02 9.880916146425240409e-01
7.588724862431215570e+02 9.731014430220692457e-01
7.593233616808404349e+02 9.281866051894802627e-01
7.597742371185591992e+02 8.692351286818984502e-01
7.602251125562780771e+02 8.300692036903301041e-01
7.606759879939969551e+02 8.022693039375764501e-01
7.611268634317158330e+02 7.781915772320021629e-01
7.615777388694347110e+02 7.603834636102276834e-01
7.620286143071535889e+02 7.555437910010630587e-01
7.624794897448723532e+02 7.686548882774921765e-01
7.629303651825912311e+02 7.967070098313486781e-01
7.633812406203101091e+02 8.281583615232782636e-01
7.638321160580289870e+02 8.505675226961468827e-01
7.642829914957478650e+02 8.584315208604640368e-01
7.647338669334667429e+02 8.567313020017642833e-01
7.651847423711855072e+02 8.533274006615652052e-01
7.656356178089043851e+02 8.500263145911263196e-01
7.660864932466232631e+02 8.413269850097401248e-01
7.665373686843421410e+02 8.086535645401812245e-01
7.669882441220610190e+02 7.507326637202285102e-01
7.674391195597798969e+02 7.208840158700716705e-01
7.678899949974986612e+02 7.157768698920121686e-01
7.683408704352175391e+02 7.169623300374958763e-01
7.687917458729364171e+02 7.193218472155804566e-01
7.692426213106552950e+02 7.219247279711331622e-01
7.696934967483741730e+02 7.248193246965484171e-01
7.701443721860930509e+02 7.296770506924675770e-01
7.705952476238118152e+02 7.473179179832903918e-01
7.710461230615306931e+02 7.997643882265834669e-01
7.714969984992495711e+02 8.389969032622877076e-01
7.719478739369684490e+02 8.472373062832744273e-01
7.723987493746873270e+02 8.483512143867267818e-01
7.728496248124062049e+02 8.484914537558384540e-01
7.733005002501249692e+02 8.485087312453413189e-01
7.737513756878438471e+02 8.485073811252495934e-01
7.742022511255627251e+02 8.484632074931078849e-01
7.746531265632816030e+02 8.479289572253388974e-01
7.751040020010004810e+02 8.429297369090622549e-01
7.755548774387193589e+02 8.310993109095378140e-01
7.760057528764381232e+02 8.315684050804851291e-01
7.764566283141570011e+02 8.373140114753018226e-01
7.769075037518758791e+02 8.446433044614325425e-01
7.773583791895947570e+02 8.532176930078279042e-01
7.778092546273136350e+02 8.628160946947965870e-01
7.782601300650325129e+02 8.730615693221627227e-01
7.787110055027513908e+02 8.834063195858131712e-01
7.791618809404701551e+02 8.928817087218157145e-01
7.796127563781890331e+02 8.979902319832980817e-01
7.800636318159079110e+02 8.846161975308096670e-01
7.805145072536267890e+02 8.462046181468799722e-01
7.809653826913456669e+02 8.261339467533713732e-01
7.814162581290645448e+02 8.266731927891106668e-01
7.818671335667833091e+02 8.375122921700739465e-01
7.823180090045021871e+02 8.581741703953468248e-01
7.827688844422210650e+02 8.856599485384532011e-01
7.832197598799399429e+02 9.084987989835581201e-01
7.836706353176588209e+02 9.178988900557645270e-01
7.841215107553776988e+02 9.160429244838491636e-01
7.845723861930964631e+02 9.084526944974331553e-01
7.850232616308153411e+02 8.975678521720108494e-01
7.854741370685342190e+02 8.805534591654611276e-01
7.859250125062530969e+02 8.542417337685838108e-01
7.863758879439719749e+02 8.306276382335321395e-01
7.868267633816908528e+02 8.120239659444216107e-01
7.872776388194096171e+02 7.912790070267863296e-01
7.877285142571284950e+02 7.677414985535293557e-01
7.881793896948473730e+02 7.446264815894531042e-01
7.886302651325662509e+02 7.246812430285279882e-01
7.890811405702851289e+02 7.085745189339991423e-01
7.895320160080040068e+02 6.956338095953378264e-01
7.899828914457227711e+02 6.848964988741537141e-01
7.904337668834416490e+02 6.755935639832146844e-01
7.908846423211605270e+02 6.672695106192448877e-01
7.913355177588794049e+02 6.609827976425544094e-01
7.917863931965982829e+02 6.861353659926792137e-01
7.922372686343171608e+02 7.967493208562093088e-01
7.926881440720359251e+02 8.180578431197012002e-01
7.931390195097548030e+02 8.190134454441998502e-01
7.935898949474736810e+02 8.190509481234506950e-01
7.940407703851925589e+02 8.190524244698127454e-01
7.944916458229114369e+02 8.190524974044905981e-01
7.949425212606303148e+02 8.190525157259741507e-01
7.953933966983490791e+02 8.190525318831501922e-01
7.958442721360679570e+02 8.190525479126871122e-01
7.962951475737868350e+02 8.190525638937099506e-01
7.967460230115057129e+02 8.190525798294315818e-01
7.971968984492245909e+02 8.190525957201230112e-01
7.976477738869434688e+02 8.190526115659420014e-01
7.980986493246623468e+02 8.190526273670399870e-01
7.985495247623811110e+02 8.190526431235689575e-01
7.990004002000999890e+02 8.190526588356796811e-01
7.994512756378188669e+02 8.190526745035219269e-01
7.999021510755377449e+02 8.190526901272453530e-01
8.003530265132566228e+02 8.190527057069990624e-01
8.008039019509755008e+02 8.190527212429316029e-01
8.012547773886942650e+02 8.190527367351927435e-01
8.017056528264131430e+02 8.190527521905485164e-01
8.021565282641320209e+02 8.190527888457105332e-01
8.026074037018508989e+02 8.191209496292485293e-01
8.030582791395697768e+02 9.093396514569881406e-01
8.035091545772886548e+02 9.727390485369307171e-01
8.039600300150074190e+02 9.727727187190610136e-01
8.044109054527262970e+02 9.727727546573451400e-01
8.048617808904451749e+02 9.727727800386070101e-01
8.053126563281640529e+02 9.727728053456196067e-01
8.057635317658829308e+02 9.727728305818881260e-01
8.062144072036018088e+02 9.727728557476461591e-01
8.066652826413205730e+02 9.727728808431002072e-01
8.071161580790394510e+02 9.727729058682267338e-01
8.075670335167583289e+02 9.727729308210807391e-01
8.080179089544772069e+02 9.727729556835011948e-01
8.084687843921960848e+02 9.727729803005032982e-01
8.089196598299149628e+02 9.727730033625521244e-01
8.093705352676337270e+02 9.727730138176875485e-01
8.098214107053526050e+02 9.727729184045832422e-01
8.102722861430714829e+02 9.727719301580617373e-01
8.107231615807903609e+02 9.727634086352029419e-01
8.111740370185092388e+02 9.726913343485036334e-01
8.116249124562281168e+02 9.720840375923482934e-01
8.120757878939468810e+02 9.670345057665139521e-01
8.125266633316657590e+02 9.291796942565851980e-01
8.129775387693846369e+02 7.730902664999413920e-01
8.134284142071035149e+02 6.259447232141676087e-01
8.138792896448223928e+02 5.927647897989021253e-01
8.143301650825412707e+02 5.883768498605645991e-01
8.147810405202600350e+02 5.877435775241052207e-01
8.152319159579789130e+02 5.873629566154481285e-01
8.156827913956977909e+02 5.865612446995587259e-01
8.161336668334166689e+02 5.850770311173738580e-01
8.165845422711355468e+02 5.833668380059525704e-01
8.170354177088544247e+02 5.822164102557537690e-01
8.174862931465731890e+02 5.816927846904252908e-01
8.179371685842920670e+02 5.814905685426867699e-01
8.183880440220109449e+02 5.813628268873539673e-01
8.188389194597298228e+02 5.808571377456407392e-01
8.192897948974487008e+02 5.781055805939209202e-01
8.197406703351675787e+02 5.733888036477806649e-01
8.201915457728864567e+02 5.717556473090457114e-01
8.206424212106052209e+02 5.715171652277480918e-01
8.210932966483240989e+02 5.714881526810310364e-01
8.215441720860429768e+02 5.714847107051203023e-01
8.219950475237618548e+02 5.714843096017560020e-01
8.224459229614807327e+02 5.714843149731040350e-01
8.228967983991996107e+02 5.714852758191376614e-01
8.233476738369183749e+02 5.715041200552857248e-01
8.237985492746372529e+02 5.718691387125366399e-01
8.242494247123561308e+02 5.777078937743782561e-01
8.247003001500750088e+02 5.990403439081384285e-01
8.251511755877938867e+02 6.048819081544848375e-01
8.256020510255127647e+02 6.052471433822215197e-01
8.260529264632315289e+02 6.052660003328028671e-01
8.265038019009504069e+02 6.052669682251134997e-01
8.269546773386692848e+02 6.052670226888994254e-01
8.274055527763881628e+02 6.052670306604213124e-01
8.278564282141070407e+02 6.052670392555318246e-01
8.283073036518259187e+02 6.052671153828845796e-01
8.287581790895446829e+02 6.052687093810810159e-01
8.292090545272635609e+02 6.053043475499934045e-01
8.296599299649824388e+02 6.061013955808723930e-01
8.301108054027013168e+02 6.229117359964296829e-01
8.305616808404201947e+02 7.785990536098047476e-01
8.310125562781390727e+02 8.909872812367580774e-01
8.314634317158578369e+02 8.994920544676345830e-01
8.319143071535767149e+02 8.998830182201548178e-01
8.323651825912955928e+02 8.999004878168078703e-01
8.328160580290144708e+02 8.999012828406650621e-01
8.332669334667333487e+02 8.999013344195627706e-01
8.337178089044522267e+02 8.999013528119603755e-01
8.341686843421709909e+02 8.999013696814478491e-01
8.346195597798898689e+02 8.999013864397292783e-01
8.350704352176087468e+02 8.999014031498798749e-01
8.355213106553276248e+02 8.999014198148479471e-01
8.359721860930465027e+02 8.999014364345633288e-01
8.364230615307653807e+02 8.999014529584613564e-01
8.368739369684841449e+02 8.999014618452646497e-01
8.373248124062030229e+02 8.999003416948917478e-01
8.377756878439219008e+02 8.997314887040064324e-01
8.382265632816407788e+02 8.775168633264522899e-01
8.386774387193596567e+02 7.153478471622798374e-01
8.391283141570785347e+02 7.058958985341317049e-01
8.395791895947972989e+02 7.058290638370879888e-01
8.400300650325161769e+02 7.058286219832313746e-01
8.404809404702350548e+02 7.058286266761822914e-01
8.409318159079539328e+02 7.058286337583137282e-01
8.413826913456728107e+02 7.058286363152586063e-01
8.418335667833916887e+02 7.058286043640701335e-01
8.422844422211105666e+02 7.058283095180073463e-01
8.427353176588293309e+02 7.058260109665015491e-01
8.431861930965482088e+02 7.058084411522806967e-01
8.436370685342670868e+02 7.056745549294602959e-01
8.440879439719859647e+02 7.046590314337921601e-01
8.445388194097048427e+02 6.972008978548931424e-01
8.449896948474237206e+02 6.530474162239553459e-01
8.454405702851424849e+02 5.452064971257156722e-01
8.458914457228613628e+02 4.863843436346122484e-01
8.463423211605802408e+02 4.753090255919246720e-01
8.467931965982991187e+02 4.737725084911958984e-01
8.472440720360179967e+02 4.735694078425572995e-01
8.476949474737368746e+02 4.735427378931505449e-01
8.481458229114556389e+02 4.735392404654447107e-01
8.485966983491745168e+02 4.735387835683319002e-01
8.490475737868933948e+02 4.735387255722153244e-01
8.494984492246122727e+02 4.735387199043719630e-01
8.499493246623311506e+02 4.735387210965275595e-01
8.504002001000500286e+02 4.735387231835448962e-01
8.508510755377687929e+02 4.735387253828518550e-01
8.513019509754876708e+02 4.735387275917956607e-01
8.517528264132065488e+02 4.735387297969255727e-01
8.522037018509254267e+02 4.735387319964928787e-01
8.526545772886443046e+02 4.735387341902840830e-01
8.531054527263631826e+02 4.735387363782873615e-01
8.535563281640819469e+02 4.735387385605169808e-01
8.540072036018008248e+02 4.735387407369906487e-01
8.544580790395197027e+02 4.735387429077266841e-01
8.549089544772385807e+02 4.735387450727428504e-01
8.553598299149574586e+02 4.735387472320576330e-01
8.558107053526763366e+02 4.735387493856888508e-01
8.562615807903951008e+02 4.735387515336544895e-01
8.567124562281139788e+02 4.735387536759723126e-01
8.571633316658328567e+02 4.735387558126601948e-01
8.576142071035517347e+02 4.735387579437361771e-01
8.580650825412706126e+02 4.735387600692174126e-01
8.585159579789894906e+02 4.735387621891218313e-01
8.589668334167082548e+02 4.735387643034668637e-01
8.594177088544271328e+02 4.735387664122701623e-01
8.598685842921460107e+02 4.735387685155489357e-01
8.603194597298648887e+02 4.735387706133207808e-01
8.607703351675837666e+02 4.735387727056026841e-01
8.612212106053026446e+02 4.735387747924121316e-01
8.616720860430215225e+02 4.735387768737663317e-01
8.621229614807402868e+02 4.735387789496821598e-01
8.625738369184591647e+02 4.735387810201767689e-01
8.630247123561780427e+02 4.735387830852671454e-01
8.634755877938969206e+02 4.735387851449700536e-01
8.639264632316157986e+02 4.735387871993026465e-01
8.643773386693346765e+02 4.735387892482815775e-01
8.648282141070534408e+02 4.735387912919234998e-01
8.652790895447723187e+02 4.735387933302450669e-01
8.657299649824911967e+02 4.735387953632631541e-01
8.661808404202100746e+02 4.735387973909940817e-01
8.666317158579289526e+02 4.735387994134543921e-01
8.670825912956478305e+02 4.735388014306604609e-01
8.675334667333665948e+02 4.735388034426288861e-01
8.679843421710854727e+02 4.735388054493757104e-01
8.684352176088043507e+02 4.735388074509172540e-01
8.688860930465232286e+02 4.735388094472697262e-01
8.693369684842421066e+02 4.735388114384493363e-01
8.697878439219609845e+02 4.735388134244719605e-01
8.702387193596797488e+02 4.735388154053539189e-01
8.706895947973986267e+02 4.735388173811110879e-01
8.711404702351175047e+02 4.735388193517591771e-01
8.715913456728363826e+02 4.735388213173141181e-01
8.720422211105552606e+02 4.735388232777917317e-01
8.724930965482741385e+02 4.735388252332077830e-01
8.729439719859929028e+02 4.735388271835779816e-01
8.733948474237117807e+02 4.735388291289177598e-01
8.738457228614306587e+02 4.735388310692428271e-01
8.742965982991495366e+02 4.735388330045686711e-01
8.747474737368684146e+02 4.735388349349106685e-01
8.751983491745872925e+02 4.735388368602843068e-01
8.756492246123060568e+02 4.735388387807049626e-01
8.761001000500249347e+02 4.735388406961877350e-01
8.765509754877438127e+02 4.735388426067478895e-01
8.770018509254626906e+02 4.735388445124008583e-01
8.774527263631815686e+02 4.735388464131614628e-01
8.779036018009004465e+02 4.735388483090448020e-01
8.783544772386192108e+02 4.735388502000659194e-01
8.788053526763380887e+02 4.735388520862399697e-01
8.792562281140569667e+02 4.735388539675816078e-01
8.797071035517758446e+02 4.735388558441057105e-01
8.801579789894947226e+02 4.735388577158272660e-01
8.806088544272136005e+02 4.735388595827607072e-01
8.810597298649323648e+02 4.735388614449209665e-01
8.815106053026512427e+02 4.735388633023226435e-01
8.819614807403701207e+02 4.735388651549802819e-01
8.824123561780889986e+02 4.735388670029084257e-01
8.828632316158078766e+02 4.735388688461886209e-01
8.833141070535267545e+02 4.735401595986393763e-01
8.837649824912456324e+02 nan
8.842158579289643967e+02 nan
8.846667333666832747e+02 nan
8.851176088044021526e+02 nan
8.855684842421210305e+02 nan
8.860193596798399085e+02 nan
8.864702351175587864e+02 nan
8.869211105552775507e+02 nan
8.873719859929964286e+02 nan
8.878228614307153066e+02 nan
8.882737368684341845e+02 nan
8.887246123061530625e+02 nan
8.891754877438719404e+02 nan
8.896263631815907047e+02 nan
8.900772386193095826e+02 nan
8.905281140570284606e+02 nan
8.909789894947473385e+02 nan
8.914298649324662165e+02 nan
8.918807403701850944e+02 nan
8.923316158079038587e+02 nan
8.927824912456227366e+02 nan
8.932333666833416146e+02 nan
8.936842421210604925e+02 nan
8.941351175587793705e+02 nan
8.945859929964982484e+02 nan
8.950368684342170127e+02 nan
8.954877438719358906e+02 nan
8.959386193096547686e+02 nan
8.963894947473736465e+02 nan
8.968403701850925245e+02 nan
8.972912456228114024e+02 nan
8.977421210605301667e+02 nan
8.981929964982490446e+02 nan
8.986438719359679226e+02 nan
8.990947473736868005e+02 nan
8.995456228114056785e+02 nan
8.999964982491245564e+02 nan
9.004473736868433207e+02 nan
9.008982491245621986e+02 nan
9.013491245622810766e+02 nan
9.017999999999999545e+02 nan
