5.000000000000000000e-01 1.171962421659563736e-03
9.508754377188594065e-01 4.238585326231092930e-03
1.401750875437718813e+00 9.211181082352363353e-03
1.852626313156578330e+00 1.608974801548100630e-02
2.303501750875437626e+00 2.487428190321814420e-02
2.754377188594296921e+00 3.556477413610716759e-02
3.205252626313156661e+00 4.816120936884536047e-02
3.656128064032015956e+00 6.266281015479438499e-02
4.107003501750875252e+00 7.907028325051479456e-02
4.557878939469734547e+00 9.738302869841154730e-02
5.008754377188593843e+00 1.176006858852673281e-01
5.459629814907453138e+00 1.397227708939806634e-01
5.910505252626313322e+00 1.637486504656221475e-01
6.361380690345172617e+00 1.896775140619055833e-01
6.812256128064031913e+00 2.175083435697838519e-01
7.263131565782891208e+00 2.472398806698057339e-01
7.714007003501750503e+00 2.788705918953529039e-01
8.164882441220608911e+00 3.123986314161963374e-01
8.615757878939469094e+00 3.478218015870245261e-01
9.066633316658329278e+00 3.851375113097354475e-01
9.517508754377187685e+00 4.243427322674029889e-01
9.968384192096047869e+00 4.654339530979464401e-01
1.041925962981490628e+01 5.084071315866802721e-01
1.087013506753376646e+01 5.532576449691212206e-01
1.132101050525262664e+01 5.999802384486698781e-01
1.177188594297148505e+01 6.485689720480880549e-01
1.222276138069034523e+01 6.990171659290180806e-01
1.267363681840920364e+01 7.513173443301222054e-01
1.312451225612806383e+01 8.054611782917456830e-01
1.357538769384692223e+01 8.614394273532286483e-01
1.402626313156578242e+01 9.192418804281573541e-01
1.447713856928464082e+01 9.788572960828433311e-01
1.492801400700350101e+01 1.040273342464270723e+00
1.537888944472236119e+01 1.103476537145690051e+00
1.582976488244121960e+01 1.168452187181335367e+00
1.628064032016008156e+01 1.235184329686930260e+00
1.673151575787893819e+01 1.303655673290933237e+00
1.718239119559779837e+01 1.373847540834905789e+00
1.763326663331665856e+01 1.445739813743596391e+00
1.808414207103551519e+01 1.519310878542756260e+00
1.853501750875437537e+01 1.594537576086076269e+00
1.898589294647323555e+01 1.671395154180437492e+00
1.943676838419209574e+01 1.749857224501858877e+00
1.988764382191095592e+01 1.829895725024959230e+00
2.033851925962981255e+01 1.911480889733103261e+00
2.078939469734867274e+01 1.994581228278534457e+00
2.124027013506753292e+01 2.079163519759920309e+00
2.169114557278639310e+01 2.165192827271781972e+00
2.214202101050525329e+01 2.252632544000716663e+00
2.259289644822410992e+01 2.341444488448696681e+00
2.304377188594297010e+01 2.431589077555040390e+00
2.349464732366183028e+01 2.523025624785999010e+00
2.394552276138069047e+01 2.615712839938083345e+00
2.439639819909954710e+01 2.709609654987960248e+00
2.484727363681840728e+01 2.804676575335347533e+00
2.529814907453726747e+01 2.900877870928341817e+00
2.574902451225612765e+01 2.998185090919508244e+00
2.619989994997498783e+01 3.096582615255971671e+00
2.665077538769384446e+01 3.196076221403983730e+00
2.710165082541270465e+01 3.296705825694245640e+00
2.755252626313156483e+01 3.398563317714401233e+00
2.800340170085042502e+01 3.501814973927469321e+00
2.845427713856928165e+01 3.606723938369019500e+00
2.890515257628814183e+01 3.713660141318884556e+00
2.935602801400700201e+01 3.823073526300816205e+00
2.980690345172586220e+01 3.935400416920483035e+00
3.025777888944472238e+01 4.050893563700587841e+00
3.070865432716357901e+01 4.169430958880591120e+00
3.115952976488243920e+01 4.290430408809525531e+00
3.161040520260129938e+01 4.412974346070626552e+00
3.206128064032016312e+01 4.536096835045914766e+00
3.251215607803901975e+01 4.659052394933469010e+00
3.296303151575787638e+01 4.781429766845255891e+00
3.341390695347674011e+01 4.903134223583982099e+00
3.386478239119559674e+01 5.024478236467711412e+00
3.431565782891445338e+01 5.147618511812534159e+00
3.476653326663331711e+01 5.285403161193610089e+00
3.521740870435217374e+01 5.460328813811024418e+00
3.566828414207103037e+01 5.622155487422499043e+00
3.611915957978989411e+01 5.756241652272665377e+00
3.657003501750875074e+01 5.881858125835006668e+00
3.702091045522761448e+01 5.997835810777980114e+00
3.747178589294647111e+01 6.086277985374903388e+00
3.792266133066532774e+01 6.128600881186109461e+00
3.837353676838419148e+01 6.154477111635626052e+00
3.882441220610304811e+01 6.193403381858766821e+00
3.927528764382191184e+01 6.231395252140190522e+00
3.972616308154076847e+01 6.251939735037683299e+00
4.017703851925962510e+01 6.249621606945163776e+00
4.062791395697848884e+01 6.226854000123484667e+00
4.107878939469734547e+01 6.178404443159322135e+00
4.152966483241620921e+01 6.029844799295094759e+00
4.198054027013506584e+01 5.682913134047663739e+00
4.243141570785392247e+01 5.485479470460642659e+00
4.288229114557278621e+01 5.479822764792119827e+00
4.333316658329164284e+01 5.520693980677420676e+00
4.378404202101050657e+01 5.576263546382504543e+00
4.423491745872936320e+01 5.649299332759621706e+00
4.468579289644821984e+01 5.754155729594623736e+00
4.513666833416708357e+01 5.916866983134319469e+00
4.558754377188594020e+01 6.167801192724994941e+00
4.603841920960479683e+01 6.495180897979598633e+00
4.648929464732366057e+01 6.795021994725899184e+00
4.694017008504251720e+01 6.962273838560292916e+00
4.739104552276138094e+01 7.009058075503517671e+00
4.784192096048023757e+01 7.017673826914745838e+00
4.829279639819909420e+01 7.059685514433686748e+00
4.874367183591795794e+01 7.184390605313121014e+00
4.919454727363681457e+01 7.440013876262909776e+00
4.964542271135567830e+01 7.811371763818573122e+00
5.009629814907453493e+01 8.133419079536929885e+00
5.054717358679339156e+01 8.324185497953832780e+00
5.099804902451225530e+01 8.452246549498672934e+00
5.144892446223111193e+01 8.574532349574218060e+00
5.189979989994997567e+01 8.708063045842415306e+00
5.235067533766883230e+01 8.848718137274344642e+00
5.280155077538768893e+01 8.969026258509485316e+00
5.325242621310655267e+01 8.991458743746566284e+00
5.370330165082540930e+01 8.828295691055037864e+00
5.415417708854426593e+01 8.543223623635212149e+00
5.460505252626312966e+01 8.299232480066859097e+00
5.505592796398198630e+01 8.152500797432765012e+00
5.550680340170085003e+01 8.064281806676257602e+00
5.595767883941970666e+01 7.996077564257545234e+00
5.640855427713856329e+01 7.943614292588986991e+00
5.685942971485742703e+01 7.904825326686502507e+00
5.731030515257628366e+01 7.805468023194748639e+00
5.776118059029514740e+01 7.537957650661040176e+00
5.821205602801400403e+01 7.113708172556258091e+00
5.866293146573286066e+01 6.671824606731179053e+00
5.911380690345172439e+01 6.437095735203947733e+00
5.956468234117058103e+01 6.661874547232284449e+00
6.001555777888944476e+01 7.249004799546563405e+00
6.046643321660830139e+01 7.701636231203982774e+00
6.091730865432715802e+01 7.881624575113987952e+00
6.136818409204602176e+01 7.942692009493484306e+00
6.181905952976487839e+01 8.006346933969934909e+00
6.226993496748374213e+01 8.131751692680040833e+00
6.272081040520259876e+01 8.325565888715891205e+00
6.317168584292145539e+01 8.502106832754487087e+00
6.362256128064031913e+01 8.497220709001556571e+00
6.407343671835917576e+01 8.266450826102719418e+00
6.452431215607803949e+01 7.966694280438725961e+00
6.497518759379688902e+01 7.756603193465002377e+00
6.542606303151575275e+01 7.687292961179238659e+00
6.587693846923461649e+01 7.720451229687109951e+00
6.632781390695348023e+01 7.746334913859273641e+00
6.677868934467232975e+01 7.695378171807508494e+00
6.722956478239119349e+01 7.632070952386162510e+00
6.768044022011005723e+01 7.630360511141936364e+00
6.813131565782890675e+01 7.695006035581552162e+00
6.858219109554777049e+01 7.793701483512657902e+00
6.903306653326663422e+01 7.887485585270074040e+00
6.948394197098548375e+01 7.924896896807761770e+00
6.993481740870434749e+01 7.837070107615971892e+00
7.038569284642321122e+01 7.625821002209032251e+00
7.083656828414206075e+01 7.425139048109787865e+00
7.128744372186092448e+01 7.306636817524371885e+00
7.173831915957978822e+01 7.238499326749654905e+00
7.218919459729865196e+01 7.195228173339063282e+00
7.264007003501750148e+01 7.189406685136690456e+00
7.309094547273636522e+01 7.263451306932454443e+00
7.354182091045522895e+01 7.450046030292850396e+00
7.399269634817407848e+01 7.689321607389480562e+00
7.444357178589294222e+01 7.893983434004134381e+00
7.489444722361180595e+01 8.065588843621537052e+00
7.534532266133065548e+01 8.217629309091837086e+00
7.579619809904951921e+01 8.316153853176162514e+00
7.624707353676838295e+01 8.286479356624889547e+00
7.669794897448724669e+01 8.027624072352264051e+00
7.714882441220609621e+01 7.481028647734551562e+00
7.759969984992495995e+01 6.840062080263966671e+00
7.805057528764382369e+01 6.446414131006891424e+00
7.850145072536267321e+01 6.382578935608133719e+00
7.895232616308153695e+01 6.560685804457876635e+00
7.940320160080040068e+01 6.908374784783736011e+00
7.985407703851925021e+01 7.387933705224663861e+00
8.030495247623811395e+01 7.943321048580682664e+00
8.075582791395697768e+01 8.390714258718205087e+00
8.120670335167582721e+01 8.481270205187145805e+00
8.165757878939469094e+01 8.302689722903201286e+00
8.210845422711355468e+01 8.173956193386757718e+00
8.255932966483241842e+01 8.227080512849815008e+00
8.301020510255126794e+01 8.398173672769654985e+00
8.346108054027013168e+01 8.547547647043877816e+00
8.391195597798899541e+01 8.587982386591299644e+00
8.436283141570784494e+01 8.547050522542061657e+00
8.481370685342670868e+01 8.495348016602763508e+00
8.526458229114557241e+01 8.466064565262907848e+00
8.571545772886442194e+01 8.430577696027423684e+00
8.616633316658328567e+01 8.349534038491208676e+00
8.661720860430214941e+01 8.245127780161592312e+00
8.706808404202101315e+01 8.154330979047378136e+00
8.751895947973986267e+01 8.078712743057181456e+00
8.796983491745872641e+01 7.995220704832812331e+00
8.842071035517759015e+01 7.889338906381405891e+00
8.887158579289643967e+01 7.775969308164301985e+00
8.932246123061530341e+01 7.684458819075736358e+00
8.977333666833416714e+01 7.621729357091655999e+00
9.022421210605301667e+01 7.551927078261339688e+00
9.067508754377188041e+01 7.457829250164143886e+00
9.112596298149074414e+01 7.407697462078408179e+00
9.157683841920959367e+01 7.465555701229077634e+00
9.202771385692845740e+01 7.619198885631742968e+00
9.247858929464732114e+01 7.806852436324379418e+00
9.292946473236618488e+01 7.951587531142650711e+00
9.338034017008503440e+01 7.980966856591628300e+00
9.383121560780389814e+01 7.844205116806517886e+00
9.428209104552276187e+01 7.562159955198261230e+00
9.473296648324161140e+01 7.267768520416792555e+00
9.518384192096047514e+01 7.091261329648576250e+00
9.563471735867933887e+01 7.062906203930811699e+00
9.608559279639818840e+01 7.164320752560862537e+00
9.653646823411705213e+01 7.356903803037219802e+00
9.698734367183591587e+01 7.557969831853696085e+00
9.743821910955476540e+01 7.628019338034206953e+00
9.788909454727362913e+01 7.475321417995576034e+00
9.833996998499249287e+01 7.198003582029850911e+00
9.879084542271135660e+01 6.989382290801614772e+00
9.924172086043020613e+01 6.963494668562741907e+00
9.969259629814906987e+01 7.088742037147165220e+00
1.001434717358679336e+02 7.225166838691342797e+00
1.005943471735867831e+02 7.288075436952161645e+00
1.010452226113056469e+02 7.310451643098098806e+00
1.014960980490245106e+02 7.345093087823758360e+00
1.019469734867433601e+02 7.399270377438757151e+00
1.023978489244622239e+02 7.455137372259362571e+00
1.028487243621810876e+02 7.512065655483131543e+00
1.032995997998999513e+02 7.596661787516512554e+00
1.037504752376188009e+02 7.745845070182132197e+00
1.042013506753376646e+02 7.958302981162436396e+00
1.046522261130565283e+02 8.129531195926530174e+00
1.051031015507753779e+02 8.135384340449130391e+00
1.055539769884942416e+02 7.995965928532628553e+00
1.060048524262131053e+02 7.814899119665502880e+00
1.064557278639319549e+02 7.656688237509526651e+00
1.069066033016508186e+02 7.523181442748767545e+00
1.073574787393696823e+02 7.383041162582606454e+00
1.078083541770885319e+02 7.216258998841267314e+00
1.082592296148073956e+02 7.065162404886361713e+00
1.087101050525262593e+02 7.010517560606881027e+00
1.091609804902451231e+02 7.099153629817415379e+00
1.096118559279639726e+02 7.341516569678996795e+00
1.100627313656828363e+02 7.717832068258511313e+00
1.105136068034017001e+02 8.143934729501717484e+00
1.109644822411205496e+02 8.447115565379039737e+00
1.114153576788394133e+02 8.476150566063724412e+00
1.118662331165582771e+02 8.328878707450861896e+00
1.123171085542771266e+02 8.260379560154619938e+00
1.127679839919959903e+02 8.359100145080295974e+00
1.132188594297148541e+02 8.521454879163075091e+00
1.136697348674337178e+02 8.587036076744988478e+00
1.141206103051525673e+02 8.471072971903380378e+00
1.145714857428714311e+02 8.276882337937738754e+00
1.150223611805902948e+02 8.165309139681832917e+00
1.154732366183091443e+02 8.157822176238131107e+00
1.159241120560280081e+02 8.192488077927903234e+00
1.163749874937468718e+02 8.202803357066830614e+00
1.168258629314657213e+02 8.149871645058745173e+00
1.172767383691845851e+02 8.063822082763152821e+00
1.177276138069034488e+02 8.014259013275211174e+00
1.181784892446222983e+02 8.024931127601428571e+00
1.186293646823411621e+02 8.068616402352605022e+00
1.190802401200600258e+02 8.109024953431365645e+00
1.195311155577788895e+02 8.126345062138568665e+00
1.199819909954977390e+02 8.113069501405224315e+00
1.204328664332166028e+02 8.055520815487884789e+00
1.208837418709354665e+02 7.950984999959354482e+00
1.213346173086543160e+02 7.855799308505367229e+00
1.217854927463731798e+02 7.847873249159736275e+00
1.222363681840920435e+02 7.958447956149147018e+00
1.226872436218108930e+02 8.171280709830519129e+00
1.231381190595297568e+02 8.444692728590753816e+00
1.235889944972486205e+02 8.719831290828484072e+00
1.240398699349674843e+02 8.917006286587817243e+00
1.244907453726863338e+02 8.954340915947343049e+00
1.249416208104051975e+02 8.787849465119782266e+00
1.253924962481240613e+02 8.442051405604910741e+00
1.258433716858429108e+02 8.034568589857979504e+00
1.262942471235617745e+02 7.707820622355004758e+00
1.267451225612806383e+02 7.541442053105910759e+00
1.271959979989994878e+02 7.579445367890012442e+00
1.276468734367183515e+02 7.844680715958689987e+00
1.280977488744372295e+02 8.280524920741454409e+00
1.285486243121560790e+02 8.731032633109418128e+00
1.289994997498749285e+02 9.039522558676535979e+00
1.294503751875937780e+02 9.099429289912093211e+00
1.299012506253126560e+02 8.844990551245258459e+00
1.303521260630315055e+02 8.418111888593504233e+00
1.308030015007503550e+02 8.105170295551248572e+00
1.312538769384692330e+02 8.009886719154415857e+00
1.317047523761880825e+02 8.101638202335015748e+00
1.321556278139069605e+02 8.305673845289613055e+00
1.326065032516258100e+02 8.521730287310541385e+00
1.330573786893446595e+02 8.688287109920567630e+00
1.335082541270635375e+02 8.822556400970384516e+00
1.339591295647823870e+02 8.988761267037459035e+00
1.344100050025012365e+02 9.248946567968294730e+00
1.348608804402201145e+02 9.605480122423850631e+00
1.353117558779389640e+02 9.980341462322284585e+00
1.357626313156578135e+02 1.028598508482359719e+01
1.362135067533766914e+02 1.044725389997264031e+01
1.366643821910955410e+02 1.034142817926927904e+01
1.371152576288143905e+02 9.866356293463178773e+00
1.375661330665332684e+02 9.234953259289358840e+00
1.380170085042521180e+02 8.923246567467193913e+00
1.384678839419709675e+02 9.046868616423434872e+00
1.389187593796898454e+02 9.313427425188054443e+00
1.393696348174086950e+02 9.485798364494796076e+00
1.398205102551275445e+02 9.546006356622434907e+00
1.402713856928464224e+02 9.552751376049789300e+00
1.407222611305652720e+02 9.519040317834200238e+00
1.411731365682841215e+02 9.413565866674302285e+00
1.416240120060029994e+02 9.222953967821487353e+00
1.420748874437218490e+02 8.965235606079721364e+00
1.425257628814407269e+02 8.678143436113787246e+00
1.429766383191595764e+02 8.430021957082232120e+00
1.434275137568784260e+02 8.291477476186363660e+00
1.438783891945973039e+02 8.303244413998958962e+00
1.443292646323161534e+02 8.498809022913274447e+00
1.447801400700350030e+02 8.890726848439088670e+00
1.452310155077538809e+02 9.387141440397757108e+00
1.456818909454727304e+02 9.742521508018930021e+00
1.461327663831915800e+02 9.724784310299083856e+00
1.465836418209104579e+02 9.437714098776506688e+00
1.470345172586293074e+02 9.218767638883219817e+00
1.474853926963481570e+02 9.250655424152093076e+00
1.479362681340670349e+02 9.494998077514795298e+00
1.483871435717858844e+02 9.771567427162853647e+00
1.488380190095047340e+02 9.880579336884721897e+00
1.492888944472236119e+02 9.730880087824013813e+00
1.497397698849424614e+02 9.321894472453820413e+00
1.501906453226613110e+02 8.725601154889695010e+00
1.506415207603801889e+02 8.187123705210353819e+00
1.510923961980990384e+02 7.953528592578889445e+00
1.515432716358178880e+02 8.006317587635031430e+00
1.519941470735367659e+02 8.229835730572874652e+00
1.524450225112556154e+02 8.558203757147396118e+00
1.528958979489744934e+02 8.935420102816916454e+00
1.533467733866933429e+02 9.255104481253047410e+00
1.537976488244121924e+02 9.398734783508066570e+00
1.542485242621310704e+02 9.304603324112653340e+00
1.546993996998499199e+02 9.012042311297689068e+00
1.551502751375687694e+02 8.700288952152616773e+00
1.556011505752876474e+02 8.563491897312294654e+00
1.560520260130064969e+02 8.671258990283407186e+00
1.565029014507253464e+02 8.987823848320529052e+00
1.569537768884442244e+02 9.439520173405332670e+00
1.574046523261630739e+02 9.961705860347716879e+00
1.578555277638819234e+02 1.050175327976479167e+01
1.583064032016008014e+02 1.093200982564136403e+01
1.587572786393196509e+02 1.095080872973560204e+01
1.592081540770385004e+02 1.048984470916891176e+01
1.596590295147573784e+02 1.007619754720887784e+01
1.601099049524762279e+02 1.000571054480711020e+01
1.605607803901950774e+02 1.018702854127449875e+01
1.610116558279139554e+02 1.048121556007957977e+01
1.614625312656328049e+02 1.078750613810186110e+01
1.619134067033516544e+02 1.102130572195627956e+01
1.623642821410705324e+02 1.109325782600865651e+01
1.628151575787893819e+02 1.098725292200588832e+01
1.632660330165082598e+02 1.083386516313736436e+01
1.637169084542271094e+02 1.072738661861570542e+01
1.641677838919459589e+02 1.065064428397755947e+01
1.646186593296648368e+02 1.056048978698485286e+01
1.650695347673836864e+02 1.043477662689049801e+01
1.655204102051025359e+02 1.026970734568405597e+01
1.659712856428214138e+02 1.006445097244459141e+01
1.664221610805402634e+02 9.838330361799785706e+00
1.668730365182591129e+02 9.642548418983535541e+00
1.673239119559779908e+02 9.508154251937037671e+00
1.677747873936968404e+02 9.417622536516484288e+00
1.682256628314156899e+02 9.334054279424528033e+00
1.686765382691345678e+02 9.220163210845878865e+00
1.691274137068534174e+02 9.056964802282461591e+00
1.695782891445722669e+02 8.877780430967010972e+00
1.700291645822911448e+02 8.756501898185252486e+00
1.704800400200099944e+02 8.750531626031445853e+00
1.709309154577288439e+02 8.890943813432860665e+00
1.713817908954477218e+02 9.190331773807098870e+00
1.718326663331665713e+02 9.610412859906555028e+00
1.722835417708854209e+02 1.003853934121089253e+01
1.727344172086042988e+02 1.036090740163582780e+01
1.731852926463231483e+02 1.054989244335592602e+01
1.736361680840420263e+02 1.063553286371800510e+01
1.740870435217608758e+02 1.063044169975480990e+01
1.745379189594797253e+02 1.048666481568987052e+01
1.749887943971986033e+02 1.013894456638366925e+01
1.754396698349174528e+02 9.715463867467937220e+00
1.758905452726363023e+02 9.444132213345014293e+00
1.763414207103551803e+02 9.321087003750514910e+00
1.767922961480740298e+02 9.254413486016371593e+00
1.772431715857928793e+02 9.188591841651065906e+00
1.776940470235117573e+02 9.098973667043248170e+00
1.781449224612306068e+02 8.987030562582754456e+00
1.785957978989494563e+02 8.889387967957278036e+00
1.790466733366683343e+02 8.875881420861626125e+00
1.794975487743871838e+02 9.002099926891091286e+00
1.799484242121060333e+02 9.225767357597254303e+00
1.803992996498249113e+02 9.418782932534943697e+00
1.808501750875437608e+02 9.503458399374640209e+00
1.813010505252626103e+02 9.507341374179764770e+00
1.817519259629814883e+02 9.521009734301564720e+00
1.822028014007003378e+02 9.658815730385628129e+00
1.826536768384191873e+02 9.996339203502962789e+00
1.831045522761380653e+02 1.048494809625493573e+01
1.835554277138569148e+02 1.095506142320806120e+01
1.840063031515757643e+02 1.123923073734851563e+01
1.844571785892946423e+02 1.125742504940618183e+01
1.849080540270134918e+02 1.097628356204399047e+01
1.853589294647323698e+02 1.035770728575236177e+01
1.858098049024512193e+02 9.600102444913085620e+00
1.862606803401700688e+02 9.156188897219880829e+00
1.867115557778889467e+02 9.039402435251357559e+00
1.871624312156077963e+02 9.082010050837896031e+00
1.876133066533266458e+02 9.237175388938661413e+00
1.880641820910455237e+02 9.506497351644378924e+00
1.885150575287643733e+02 9.831603799323845649e+00
1.889659329664832228e+02 1.009114040577697224e+01
1.894168084042021007e+02 1.022016666383384020e+01
1.898676838419209503e+02 1.025160266420010124e+01
1.903185592796397998e+02 1.023213728704111602e+01
1.907694347173586777e+02 1.015245798532273369e+01
1.912203101550775273e+02 9.989989808092211376e+00
1.916711855927963768e+02 9.801506559562962906e+00
1.921220610305152547e+02 9.723600480481854547e+00
1.925729364682341043e+02 9.859732318239014859e+00
1.930238119059529538e+02 1.012870015326434725e+01
1.934746873436718317e+02 1.033019031407992472e+01
1.939255627813906813e+02 1.038635060500124396e+01
1.943764382191095308e+02 1.036355443670153598e+01
1.948273136568284087e+02 1.035322936257704995e+01
1.952781890945472583e+02 1.039931316832669772e+01
1.957290645322661362e+02 1.047022266590944639e+01
1.961799399699849857e+02 1.046496103497828400e+01
1.966308154077038353e+02 1.032650086297376646e+01
1.970816908454227132e+02 1.011007231840721232e+01
1.975325662831415627e+02 9.884150495662993308e+00
1.979834417208604123e+02 9.683033293678814601e+00
1.984343171585792902e+02 9.520298042295628704e+00
1.988851925962981397e+02 9.404288275714732137e+00
1.993360680340169893e+02 9.358436100963242410e+00
1.997869434717358672e+02 9.429861286562006839e+00
2.002378189094547167e+02 9.609110264861879358e+00
2.006886943471735663e+02 9.780553978818627314e+00
2.011395697848924442e+02 9.861185433070030371e+00
2.015904452226112937e+02 9.827859780115716148e+00
2.020413206603301433e+02 9.707608284369541707e+00
2.024921960980490212e+02 9.634958302014286602e+00
2.029430715357678707e+02 9.727881055728502702e+00
2.033939469734867203e+02 9.966857053948663392e+00
2.038448224112055982e+02 1.029575785262550447e+01
2.042956978489244477e+02 1.063351958016825094e+01
2.047465732866432973e+02 1.079770342259937799e+01
2.051974487243621752e+02 1.063949450836151556e+01
2.056483241620810247e+02 1.033670919421589929e+01
2.060991995997999027e+02 1.017286039902377759e+01
2.065500750375187522e+02 1.023817241591542171e+01
2.070009504752376017e+02 1.045447175647643334e+01
2.074518259129564797e+02 1.063504669903618804e+01
2.079027013506753292e+02 1.056038916718915388e+01
2.083535767883941787e+02 1.021411716792040103e+01
2.088044522261130567e+02 9.860474890431831341e+00
2.092553276638319062e+02 9.653239364114616805e+00
2.097062031015507557e+02 9.545617332667498900e+00
2.101570785392696337e+02 9.463622799464433299e+00
2.106079539769884832e+02 9.404884300378691719e+00
2.110588294147073327e+02 9.475447331552620867e+00
2.115097048524262107e+02 9.742739530717956953e+00
2.119605802901450602e+02 1.011616299962659049e+01
2.124114557278639097e+02 1.048145732219170334e+01
2.128623311655827877e+02 1.077876807010316185e+01
2.133132066033016372e+02 1.097066445146059444e+01
2.137640820410204867e+02 1.100526811336292710e+01
2.142149574787393647e+02 1.089683145587060942e+01
2.146658329164582142e+02 1.077470848789753788e+01
2.151167083541770637e+02 1.072780416236641798e+01
2.155675837918959417e+02 1.079921596401859851e+01
2.160184592296147912e+02 1.102600664387499663e+01
2.164693346673336691e+02 1.139140375482501177e+01
2.169202101050525187e+02 1.178266607433682012e+01
2.173710855427713682e+02 1.204662798251620259e+01
2.178219609804902461e+02 1.204108937913467869e+01
2.182728364182090957e+02 1.171151442460466541e+01
2.187237118559279452e+02 1.135247174076216403e+01
2.191745872936468231e+02 1.122686460337724945e+01
2.196254627313656727e+02 1.126006980984895733e+01
2.200763381690845222e+02 1.137260547023777413e+01
2.205272136068034001e+02 1.156746089230338548e+01
2.209780890445222497e+02 1.187932158162109353e+01
2.214289644822410992e+02 1.228111445211240138e+01
2.218798399199599771e+02 1.265951781137352938e+01
2.223307153576788266e+02 1.291829384124588742e+01
2.227815907953976762e+02 1.300131404257167844e+01
2.232324662331165541e+02 1.282998942420123711e+01
2.236833416708354036e+02 1.232870398484732277e+01
2.241342171085542532e+02 1.164023863865727648e+01
2.245850925462731311e+02 1.118019047508860631e+01
2.250359679839919806e+02 1.120274575141077733e+01
2.254868434217108302e+02 1.158629061572511532e+01
2.259377188594297081e+02 1.202822767652752312e+01
2.263885942971485576e+02 1.229568793821895767e+01
2.268394697348674356e+02 1.232711168729322893e+01
2.272903451725862851e+02 1.216689994713908263e+01
2.277412206103051346e+02 1.190451791733054243e+01
2.281920960480240126e+02 1.163667661993962632e+01
2.286429714857428621e+02 1.142323696457674131e+01
2.290938469234617116e+02 1.127007750311721246e+01
2.295447223611805896e+02 1.113783209331354307e+01
2.299955977988994391e+02 1.097126150217053286e+01
2.304464732366182886e+02 1.073691283727992385e+01
2.308973486743371666e+02 1.045541178066689980e+01
2.313482241120560161e+02 1.020390168302611400e+01
2.317990995497748656e+02 1.005201013665450382e+01
2.322499749874937436e+02 1.000068213795518623e+01
2.327008504252125931e+02 1.001398141168891343e+01
2.331517258629314426e+02 1.009304602632176540e+01
2.336026013006503206e+02 1.029341837520397540e+01
2.340534767383691701e+02 1.063771059655857698e+01
2.345043521760880196e+02 1.105331349724252021e+01
2.349552276138068976e+02 1.142607241221887548e+01
2.354061030515257471e+02 1.165145053812426390e+01
2.358569784892445966e+02 1.167662542157580852e+01
2.363078539269634746e+02 1.151008886198434134e+01
2.367587293646823241e+02 1.118781775754685981e+01
2.372096048024012021e+02 1.077911916707364881e+01
2.376604802401200516e+02 1.039930324221490032e+01
2.381113556778389011e+02 1.012826192396543767e+01
2.385622311155577790e+02 9.969044393323899911e+00
2.390131065532766286e+02 9.910952740797146276e+00
2.394639819909954781e+02 9.945580337796238624e+00
2.399148574287143560e+02 1.003509273804397139e+01
2.403657328664332056e+02 1.011689750125911225e+01
2.408166083041520551e+02 1.013472334440893974e+01
2.412674837418709330e+02 1.010575836690630780e+01
2.417183591795897826e+02 1.016936875797008000e+01
2.421692346173086321e+02 1.041170479481897182e+01
2.426201100550275100e+02 1.079276783531380701e+01
2.430709854927463596e+02 1.125770169383612185e+01
2.435218609304652091e+02 1.176868880501527670e+01
2.439727363681840870e+02 1.228992901118242109e+01
2.444236118059029366e+02 1.276878795125015387e+01
2.448744872436217861e+02 1.316681116586867439e+01
2.453253626813406640e+02 1.354149732106156101e+01
2.457762381190595136e+02 1.400826325172995190e+01
2.462271135567783631e+02 1.462598964082175002e+01
2.466779889944972410e+02 1.536032191443581318e+01
2.471288644322160906e+02 1.607629089158279001e+01
2.475797398699349685e+02 1.648891575979804003e+01
2.480306153076538180e+02 1.628978228514491633e+01
2.484814907453726676e+02 1.569705964392953135e+01
2.489323661830915455e+02 1.512350047144666298e+01
2.493832416208103950e+02 1.459560325554788385e+01
2.498341170585292446e+02 1.403736330206341343e+01
2.502849924962481225e+02 1.352341646407049858e+01
2.507358679339669720e+02 1.329929576229733001e+01
2.511867433716858216e+02 1.350271459899428095e+01
2.516376188094046995e+02 1.389648891559822452e+01
2.520884942471235490e+02 1.412561776464715457e+01
2.525393696848423986e+02 1.401232176336879576e+01
2.529902451225612765e+02 1.357162329709863968e+01
2.534411205602801260e+02 1.304546723013808496e+01
2.538919959979989756e+02 1.275597531411974828e+01
2.543428714357178535e+02 1.283688958106471212e+01
2.547937468734367030e+02 1.326693902924336221e+01
2.552446223111555526e+02 1.394371145165113646e+01
2.556954977488744305e+02 1.466759065558794006e+01
2.561463731865932800e+02 1.516799035952347019e+01
2.565972486243121580e+02 1.512281659570089865e+01
2.570481240620309791e+02 1.438185564626825474e+01
2.574989994997498570e+02 1.356996575894827295e+01
2.579498749374687350e+02 1.312615117938988796e+01
2.584007503751875561e+02 1.292752370873891543e+01
2.588516258129064340e+02 1.287821948165993824e+01
2.593025012506253120e+02 1.295489655709940280e+01
2.597533766883441331e+02 1.315638624103720211e+01
2.602042521260630110e+02 1.349046279925608793e+01
2.606551275637818890e+02 1.394255337930171201e+01
2.611060030015007101e+02 1.437130980149165538e+01
2.615568784392195880e+02 1.433536190931881649e+01
2.620077538769384660e+02 1.353556725909227687e+01
2.624586293146572871e+02 1.275299664531738131e+01
2.629095047523761650e+02 1.242536587063298725e+01
2.633603801900950430e+02 1.237992399589183989e+01
2.638112556278139209e+02 1.249401136603109030e+01
2.642621310655327420e+02 1.271203984740422754e+01
2.647130065032516200e+02 1.294750304951317332e+01
2.651638819409704979e+02 1.305864265473077168e+01
2.656147573786893190e+02 1.293756394280311994e+01
2.660656328164081970e+02 1.261996655304871595e+01
2.665165082541270749e+02 1.226082032274767819e+01
2.669673836918458960e+02 1.201455037025205996e+01
2.674182591295647740e+02 1.197060123769196593e+01
2.678691345672836519e+02 1.212772872470062779e+01
2.683200100050024730e+02 1.230216502402865864e+01
2.687708854427213510e+02 1.220532954949712412e+01
2.692217608804402289e+02 1.183138227506849205e+01
2.696726363181590500e+02 1.143230712682853678e+01
2.701235117558779280e+02 1.123524721469548204e+01
2.705743871935968059e+02 1.136810342467311585e+01
2.710252626313156270e+02 1.179596721678018767e+01
2.714761380690345050e+02 1.230772843528261262e+01
2.719270135067533829e+02 1.272151675641096524e+01
2.723778889444722040e+02 1.300243869933259866e+01
2.728287643821910819e+02 1.319369709308191219e+01
2.732796398199099599e+02 1.335911288049912216e+01
2.737305152576287810e+02 1.355788717854333569e+01
2.741813906953476589e+02 1.375796576203638644e+01
2.746322661330665369e+02 1.368995619584541679e+01
2.750831415707853580e+02 1.302020048766900651e+01
2.755340170085042359e+02 1.206866510704622364e+01
2.759848924462231139e+02 1.149499348815705879e+01
2.764357678839419350e+02 1.133246064003743570e+01
2.768866433216608129e+02 1.138409460175728505e+01
2.773375187593796909e+02 1.154093249078404781e+01
2.777883941970985120e+02 1.172750067322246181e+01
2.782392696348173899e+02 1.185757477740766319e+01
2.786901450725362679e+02 1.187986798226884488e+01
2.791410205102550890e+02 1.180325868233461861e+01
2.795918959479739669e+02 1.166833933544686452e+01
2.800427713856928449e+02 1.152769658816043652e+01
2.804936468234116660e+02 1.144566619764224669e+01
2.809445222611305439e+02 1.151289665725894018e+01
2.813953976988494219e+02 1.187325812158909777e+01
2.818462731365682430e+02 1.259723193547448972e+01
2.822971485742871209e+02 1.336058034025415253e+01
2.827480240120059989e+02 1.382922165882316179e+01
2.831988994497248200e+02 1.406286729239752020e+01
2.836497748874436979e+02 1.420053171057982944e+01
2.841006503251625759e+02 1.430823573788622305e+01
2.845515257628814538e+02 1.439722013322671046e+01
2.850024012006002749e+02 1.444114595197718387e+01
2.854532766383191529e+02 1.436672580075444117e+01
2.859041520760380308e+02 1.408180830401485117e+01
2.863550275137568519e+02 1.363610636788068931e+01
2.868059029514757299e+02 1.325640687482257896e+01
2.872567783891946078e+02 1.311803744488155665e+01
2.877076538269134289e+02 1.324145251112578769e+01
2.881585292646323069e+02 1.352283637816439033e+01
2.886094047023511848e+02 1.379552750451287579e+01
2.890602801400700059e+02 1.390150326947023629e+01
2.895111555777888839e+02 1.369734577905692241e+01
2.899620310155077618e+02 1.313531499881612419e+01
2.904129064532265829e+02 1.258955854969726218e+01
2.908637818909454609e+02 1.245781289030599837e+01
2.913146573286643388e+02 1.262692118969880894e+01
2.917655327663831599e+02 1.290753853810196361e+01
2.922164082041020379e+02 1.320703768879074325e+01
2.926672836418209158e+02 1.342197532758510548e+01
2.931181590795397369e+02 1.329035210788507548e+01
2.935690345172586149e+02 1.255280845094544873e+01
2.940199099549774928e+02 1.171990895301073898e+01
2.944707853926963139e+02 1.134621521420160484e+01
2.949216608304151919e+02 1.132485003285898095e+01
2.953725362681340698e+02 1.155157672059186247e+01
2.958234117058528909e+02 1.214400273525975393e+01
2.962742871435717689e+02 1.321862739881756355e+01
2.967251625812906468e+02 1.439502376338918666e+01
2.971760380190094679e+02 1.518194140323554819e+01
2.976269134567283459e+02 1.561303526581026091e+01
2.980777888944472238e+02 1.583884066820242431e+01
2.985286643321660449e+02 1.576533312852942181e+01
2.989795397698849229e+02 1.519994598206371528e+01
2.994304152076038008e+02 1.444960789505306842e+01
2.998812906453226219e+02 1.397952596943920511e+01
3.003321660830414999e+02 1.384115111955621558e+01
3.007830415207603778e+02 1.390980405641157702e+01
3.012339169584791989e+02 1.406475379018687910e+01
3.016847923961980769e+02 1.416454896769043437e+01
3.021356678339169548e+02 1.404040872443865950e+01
3.025865432716357759e+02 1.371560937446949069e+01
3.030374187093546539e+02 1.337573671923738239e+01
3.034882941470735318e+02 1.307872949067157009e+01
3.039391695847923529e+02 1.280408994019403224e+01
3.043900450225112309e+02 1.258319966526003064e+01
3.048409204602301088e+02 1.254328810989850496e+01
3.052917958979489867e+02 1.279617786418927672e+01
3.057426713356678079e+02 1.328074161728651248e+01
3.061935467733866858e+02 1.383474504414741446e+01
3.066444222111055637e+02 1.433893095536844342e+01
3.070952976488243849e+02 1.471487630876541353e+01
3.075461730865432628e+02 1.482778258337364008e+01
3.079970485242621407e+02 1.454928458695788329e+01
3.084479239619809618e+02 1.424505675112573755e+01
3.088987993996998398e+02 1.419299437963046628e+01
3.093496748374187177e+02 1.418134155631735815e+01
3.098005502751375388e+02 1.402385737486865480e+01
3.102514257128564168e+02 1.367988052765619855e+01
3.107023011505752947e+02 1.324819565295018187e+01
3.111531765882941158e+02 1.289005261196846774e+01
3.116040520260129938e+02 1.277044299225108581e+01
3.120549274637318717e+02 1.309983950593604973e+01
3.125058029014506928e+02 1.411997524239969515e+01
3.129566783391695708e+02 1.554773163625805665e+01
3.134075537768884487e+02 1.609181697156415325e+01
3.138584292146072698e+02 1.542670166578048274e+01
3.143093046523261478e+02 1.451698525783430682e+01
3.147601800900450257e+02 1.395321116587290433e+01
3.152110555277638468e+02 1.388097659341733525e+01
3.156619309654827248e+02 1.427437688504425495e+01
3.161128064032016027e+02 1.498935774240800889e+01
3.165636818409204238e+02 1.577430785697952409e+01
3.170145572786393018e+02 1.633954932682361161e+01
3.174654327163581797e+02 1.652189624833932768e+01
3.179163081540770008e+02 1.637804649608549568e+01
3.183671835917958788e+02 1.601270874415738632e+01
3.188180590295147567e+02 1.548042779119491641e+01
3.192689344672335778e+02 1.494544304141371782e+01
3.197198099049524558e+02 1.461986879634048186e+01
3.201706853426713337e+02 1.455501319949967787e+01
3.206215607803901548e+02 1.472910265394037133e+01
3.210724362181090328e+02 1.511621002660565161e+01
3.215233116558279107e+02 1.560873328918665592e+01
3.219741870935467318e+02 1.598956030135783912e+01
3.224250625312656098e+02 1.609253998976765132e+01
3.228759379689844877e+02 1.597263711280493936e+01
3.233268134067033088e+02 1.581174054853316413e+01
3.237776888444221868e+02 1.569271249710128480e+01
3.242285642821410647e+02 1.555051267637617407e+01
3.246794397198598858e+02 1.525356940176260423e+01
3.251303151575787638e+02 1.469013724980795033e+01
3.255811905952976417e+02 1.393573528265768502e+01
3.260320660330165197e+02 1.326343370384288889e+01
3.264829414707353408e+02 1.276726583080017186e+01
3.269338169084542187e+02 1.237488738655601317e+01
3.273846923461730967e+02 1.206339785995506375e+01
3.278355677838919178e+02 1.191418712311623729e+01
3.282864432216107957e+02 1.202419444015935035e+01
3.287373186593296737e+02 1.229583552987965334e+01
3.291881940970484948e+02 1.252550220880456067e+01
3.296390695347673727e+02 1.266745897525649589e+01
3.300899449724862507e+02 1.279990139933326887e+01
3.305408204102050718e+02 1.302090896187276492e+01
3.309916958479239497e+02 1.336950556213022878e+01
3.314425712856428277e+02 1.378496596764010818e+01
3.318934467233616488e+02 1.418068525883005293e+01
3.323443221610805267e+02 1.447436783310061337e+01
3.327951975987994047e+02 1.452134370046027989e+01
3.332460730365182258e+02 1.417127583313303063e+01
3.336969484742371037e+02 1.346091353943201696e+01
3.341478239119559817e+02 1.265070826129185555e+01
3.345986993496748028e+02 1.215194639508035657e+01
3.350495747873936807e+02 1.266075627226185496e+01
3.355004502251125587e+02 1.466766986137788820e+01
3.359513256628313798e+02 1.652489588701052625e+01
3.364022011005502577e+02 1.702838012813790414e+01
3.368530765382691357e+02 1.687212128454221727e+01
3.373039519759879568e+02 1.661462828455776730e+01
3.377548274137068347e+02 1.645005605705272345e+01
3.382057028514257127e+02 1.636248043702818578e+01
3.386565782891445338e+02 1.622818731930536984e+01
3.391074537268634117e+02 1.601570850857309836e+01
3.395583291645822896e+02 1.582014777578525866e+01
3.400092046023011108e+02 1.575089564983578860e+01
3.404600800400199887e+02 1.585920972508845850e+01
3.409109554777388666e+02 1.599077465428863754e+01
3.413618309154576878e+02 1.578548641239416384e+01
3.418127063531765657e+02 1.517105536707114588e+01
3.422635817908954436e+02 1.440056694718420260e+01
3.427144572286142647e+02 1.370325268243420069e+01
3.431653326663331427e+02 1.320268546161207190e+01
3.436162081040520206e+02 1.297428681269002837e+01
3.440670835417708417e+02 1.309201348781927621e+01
3.445179589794897197e+02 1.354430502864354047e+01
3.449688344172085976e+02 1.404459374528404503e+01
3.454197098549274187e+02 1.425777788289377490e+01
3.458705852926462967e+02 1.423690905495642589e+01
3.463214607303651746e+02 1.419506157632052989e+01
3.467723361680840526e+02 1.422590369635980601e+01
3.472232116058028737e+02 1.436457779302065241e+01
3.476740870435217516e+02 1.468718809989746710e+01
3.481249624812406296e+02 1.524585417778108365e+01
3.485758379189594507e+02 1.595787616264885322e+01
3.490267133566783286e+02 1.659554979304211741e+01
3.494775887943972066e+02 1.686825733168573649e+01
3.499284642321160277e+02 1.659260510335073135e+01
3.503793396698349056e+02 1.589229067892880920e+01
3.508302151075537836e+02 1.510964632111998718e+01
3.512810905452726047e+02 1.446088275989951022e+01
3.517319659829914826e+02 1.398581456695334779e+01
3.521828414207103606e+02 1.368891757662639819e+01
3.526337168584291817e+02 1.355286429797740411e+01
3.530845922961480596e+02 1.350141903672953347e+01
3.535354677338669376e+02 1.346300171481383146e+01
3.539863431715857587e+02 1.343516811248808906e+01
3.544372186093046366e+02 1.349094221982057817e+01
3.548880940470235146e+02 1.371578076625926634e+01
3.553389694847423357e+02 1.408521686356270308e+01
3.557898449224612136e+02 1.443971053425901552e+01
3.562407203601800916e+02 1.458004861676978514e+01
3.566915957978989127e+02 1.442743312901991359e+01
3.571424712356177906e+02 1.406813682138988852e+01
3.575933466733366686e+02 1.362710697285786487e+01
3.580442221110554897e+02 1.320241594972899790e+01
3.584950975487743676e+02 1.288791124849089265e+01
3.589459729864932456e+02 1.278594929006117908e+01
3.593968484242120667e+02 1.294980934848800835e+01
3.598477238619309446e+02 1.333792216507651673e+01
3.602985992996498226e+02 1.386428166337945811e+01
3.607494747373686437e+02 1.434170187425611864e+01
3.612003501750875216e+02 1.443039608911055538e+01
3.616512256128063996e+02 1.405797448191403554e+01
3.621021010505252207e+02 1.354882417961046492e+01
3.625529764882440986e+02 1.313627710428352202e+01
3.630038519259629766e+02 1.283348290971868977e+01
3.634547273636817977e+02 1.259378050547567085e+01
3.639056028014006756e+02 1.244904002623964168e+01
3.643564782391195536e+02 1.256596617813382544e+01
3.648073536768383747e+02 1.316884318298662393e+01
3.652582291145572526e+02 1.415060087469664651e+01
3.657091045522761306e+02 1.490980674396783634e+01
3.661599799899949517e+02 1.518156905674277013e+01
3.666108554277138296e+02 1.516742818951531646e+01
3.670617308654327076e+02 1.504774704127489748e+01
3.675126063031515287e+02 1.489420846749347049e+01
3.679634817408704066e+02 1.473419179939889823e+01
3.684143571785892846e+02 1.456762598747134341e+01
3.688652326163081625e+02 1.433395812118602564e+01
3.693161080540269836e+02 1.399834382142249822e+01
3.697669834917458616e+02 1.369434452725365148e+01
3.702178589294647395e+02 1.352412529464788449e+01
3.706687343671835606e+02 1.349365386397724542e+01
3.711196098049024386e+02 1.357302835638743588e+01
3.715704852426213165e+02 1.369611266687498485e+01
3.720213606803401376e+02 1.375605671154750809e+01
3.724722361180590156e+02 1.371040488494441334e+01
3.729231115557778935e+02 1.365654675636380233e+01
3.733739869934967146e+02 1.363992328808620869e+01
3.738248624312155926e+02 1.361289918712529889e+01
3.742757378689344705e+02 1.358191548476847288e+01
3.747266133066532916e+02 1.370235183955930403e+01
3.751774887443721695e+02 1.418789579662819200e+01
3.756283641820910475e+02 1.506223793284221202e+01
3.760792396198098686e+02 1.599654426185358602e+01
3.765301150575287465e+02 1.655899359537189852e+01
3.769809904952476245e+02 1.669241915609839566e+01
3.774318659329664456e+02 1.663433858878083527e+01
3.778827413706853235e+02 1.650670772596635061e+01
3.783336168084042015e+02 1.615576767296596117e+01
3.787844922461230226e+02 1.540994720776430427e+01
3.792353676838419005e+02 1.455491428519969155e+01
3.796862431215607785e+02 1.405223583911725349e+01
3.801371185592795996e+02 1.403870033504057879e+01
3.805879939969984775e+02 1.447456393926774432e+01
3.810388694347173555e+02 1.537550549296608438e+01
3.814897448724361766e+02 1.675440166988474644e+01
3.819406203101550545e+02 1.813503079090363812e+01
3.823914957478739325e+02 1.865715384828266110e+01
3.828423711855927536e+02 1.834117611183400953e+01
3.832932466233116315e+02 1.771055550670283907e+01
3.837441220610305095e+02 1.703088375225843976e+01
3.841949974987493306e+02 1.641314567706304217e+01
3.846458729364682085e+02 1.594117854511048193e+01
3.850967483741870865e+02 1.558998820064370960e+01
3.855476238119059076e+02 1.528234765319195709e+01
3.859984992496247855e+02 1.498166131829025183e+01
3.864493746873436635e+02 1.466480000815965568e+01
3.869002501250624846e+02 1.426610958509982652e+01
3.873511255627813625e+02 1.367921448787001637e+01
3.878020010005002405e+02 1.302622634123488332e+01
3.882528764382190616e+02 1.272269706005542389e+01
3.887037518759379395e+02 1.279198089323956999e+01
3.891546273136568175e+02 1.305171434825881605e+01
3.896055027513756954e+02 1.343229940162143876e+01
3.900563781890945165e+02 1.392329639406178643e+01
3.905072536268133945e+02 1.452063355970092928e+01
3.909581290645322724e+02 1.523539872433608267e+01
3.914090045022510935e+02 1.607487120762494470e+01
3.918598799399699715e+02 1.691338507019319692e+01
3.923107553776888494e+02 1.750151599087446641e+01
3.927616308154076705e+02 1.771805244514879618e+01
3.932125062531265485e+02 1.753010456176732390e+01
3.936633816908454264e+02 1.675966770481828050e+01
3.941142571285642475e+02 1.535412062672226696e+01
3.945651325662831255e+02 1.407426410745300593e+01
3.950160080040020034e+02 1.351041043505611050e+01
3.954668834417208245e+02 1.346388376010283316e+01
3.959177588794397025e+02 1.372365373572887570e+01
3.963686343171585804e+02 1.422940907702912128e+01
3.968195097548774015e+02 1.492884050650951266e+01
3.972703851925962795e+02 1.568773281277335840e+01
3.977212606303151574e+02 1.626890758246682367e+01
3.981721360680339785e+02 1.637728027030898303e+01
3.986230115057528565e+02 1.577343870797456660e+01
3.990738869434717344e+02 1.454103552468275495e+01
3.995247623811905555e+02 1.332924378592894499e+01
3.999756378189094335e+02 1.267893412986419932e+01
4.004265132566283114e+02 1.254069119371071572e+01
4.008773886943471325e+02 1.273820986187203630e+01
4.013282641320660105e+02 1.324071556912227976e+01
4.017791395697848884e+02 1.410388282053440179e+01
4.022300150075037095e+02 1.518656654181278576e+01
4.026808904452225875e+02 1.598708180753898134e+01
4.031317658829414654e+02 1.616086845548777617e+01
4.035826413206602865e+02 1.582853746321934985e+01
4.040335167583791645e+02 1.526942442074308204e+01
4.044843921960980424e+02 1.468492966719601789e+01
4.049352676338168635e+02 1.418072347482715756e+01
4.053861430715357415e+02 1.383851928471138493e+01
4.058370185092546194e+02 1.372896258079515874e+01
4.062878939469734405e+02 1.384002353462363644e+01
4.067387693846923185e+02 1.407805023102419995e+01
4.071896448224111964e+02 1.434947836714653313e+01
4.076405202601300175e+02 1.459738813954949777e+01
4.080913956978488955e+02 1.478977629646183978e+01
4.085422711355677734e+02 1.492833290142351643e+01
4.089931465732865945e+02 1.514911263522087914e+01
4.094440220110054725e+02 1.555653378775932083e+01
4.098948974487243504e+02 1.596123319704191879e+01
4.103457728864432283e+02 1.618519435222289360e+01
4.107966483241620494e+02 1.611483600755677159e+01
4.112475237618809274e+02 1.574196193301877855e+01
4.116983991995998053e+02 1.523635887612358708e+01
4.121492746373186264e+02 1.479637795126161315e+01
4.126001500750375044e+02 1.446222365412670463e+01
4.130510255127563823e+02 1.415564033261573229e+01
4.135019009504752034e+02 1.379839190156500983e+01
4.139527763881940814e+02 1.342342269385217257e+01
4.144036518259129593e+02 1.323607850169921996e+01
4.148545272636317804e+02 1.334572384608677709e+01
4.153054027013506584e+02 1.352692767539330454e+01
4.157562781390695363e+02 1.355393729953344639e+01
4.162071535767883574e+02 1.344922986417177135e+01
4.166580290145072354e+02 1.334452435794578840e+01
4.171089044522261133e+02 1.332296218719746328e+01
4.175597798899449344e+02 1.338896082709463009e+01
4.180106553276638124e+02 1.345945894361079809e+01
4.184615307653826903e+02 1.339811606481270800e+01
4.189124062031015114e+02 1.316824014763799866e+01
4.193632816408203894e+02 1.286475170105093291e+01
4.198141570785392673e+02 1.262048501173313930e+01
4.202650325162580884e+02 1.254004503718744523e+01
4.207159079539769664e+02 1.266744200293107170e+01
4.211667833916958443e+02 1.301337376306458715e+01
4.216176588294146654e+02 1.358244802184997368e+01
4.220685342671335434e+02 1.431277099164975297e+01
4.225194097048524213e+02 1.499798245701154897e+01
4.229702851425712424e+02 1.544618389375001399e+01
4.234211605802901204e+02 1.564572186229830386e+01
4.238720360180089983e+02 1.557522520206629757e+01
4.243229114557278194e+02 1.501737172678917531e+01
4.247737868934466974e+02 1.403270138939253187e+01
4.252246623311655753e+02 1.338001788117580837e+01
4.256755377688843964e+02 1.324370318525865997e+01
4.261264132066032744e+02 1.338921653622669972e+01
4.265772886443221523e+02 1.369660204875879650e+01
4.270281640820409734e+02 1.406876303638121506e+01
4.274790395197598514e+02 1.433983046159240260e+01
4.279299149574787293e+02 1.442527434191148927e+01
4.283807903951975504e+02 1.440487310927238873e+01
4.288316658329164284e+02 1.436258479347884709e+01
4.292825412706353063e+02 1.431980953749090091e+01
4.297334167083541274e+02 1.427549187233973704e+01
4.301842921460730054e+02 1.424704365382809357e+01
4.306351675837918833e+02 1.430344605336585140e+01
4.310860430215107613e+02 1.458950788950545707e+01
4.315369184592295824e+02 1.525563550370034882e+01
4.319877938969484603e+02 1.626016424975495411e+01
4.324386693346673383e+02 1.722482255032182863e+01
4.328895447723861594e+02 1.744389138288051910e+01
4.333404202101050373e+02 1.656396929251120653e+01
4.337912956478239153e+02 1.533662168952803384e+01
4.342421710855427364e+02 1.453774306770857017e+01
4.346930465232616143e+02 1.423244144901525665e+01
4.351439219609804923e+02 1.424077181250173219e+01
4.355947973986993134e+02 1.441430820081026987e+01
4.360456728364181913e+02 1.464266074277168705e+01
4.364965482741370693e+02 1.482127934466734231e+01
4.369474237118558904e+02 1.483684171231722360e+01
4.373982991495747683e+02 1.465262580663374692e+01
4.378491745872936463e+02 1.447074556326044537e+01
4.383000500250124674e+02 1.453938136220452471e+01
4.387509254627313453e+02 1.485186025845864677e+01
4.392018009004502233e+02 1.526903937809188250e+01
4.396526763381690444e+02 1.567757601772514420e+01
4.401035517758879223e+02 1.597587327249418720e+01
4.405544272136068003e+02 1.600179253552077441e+01
4.410053026513256214e+02 1.569113671763712681e+01
4.414561780890444993e+02 1.522202891195516550e+01
4.419070535267633772e+02 1.474542642929416658e+01
4.423579289644821984e+02 1.435277446504105114e+01
4.428088044022010763e+02 1.419159198072343564e+01
4.432596798399199542e+02 1.438925708853332353e+01
4.437105552776387754e+02 1.485108277031720725e+01
4.441614307153576533e+02 1.525898017432763076e+01
4.446123061530765312e+02 1.529885219676709518e+01
4.450631815907953523e+02 1.500244984489716771e+01
4.455140570285142303e+02 1.469052316243475964e+01
4.459649324662331082e+02 1.451783266230811087e+01
4.464158079039519293e+02 1.443541515875858572e+01
4.468666833416708073e+02 1.431775058418737068e+01
4.473175587793896852e+02 1.401579374777347908e+01
4.477684342171085063e+02 1.364025343797194800e+01
4.482193096548273843e+02 1.350056412103970871e+01
4.486701850925462622e+02 1.352947141978877355e+01
4.491210605302650833e+02 1.353969513802219637e+01
4.495719359679839613e+02 1.339771805258106951e+01
4.500228114057028392e+02 1.308528183306407477e+01
4.504736868434216603e+02 1.276823421476141895e+01
4.509245622811405383e+02 1.264872650647019370e+01
4.513754377188594162e+02 1.281113966024847706e+01
4.518263131565782942e+02 1.319517693549148696e+01
4.522771885942971153e+02 1.354658436147337852e+01
4.527280640320159932e+02 1.362852761914204613e+01
4.531789394697348712e+02 1.348786921600516742e+01
4.536298149074536923e+02 1.326098586566220661e+01
4.540806903451725702e+02 1.300825668527825307e+01
4.545315657828914482e+02 1.274800062061305184e+01
4.549824412206102693e+02 1.253465311888744615e+01
4.554333166583291472e+02 1.250393626718223672e+01
4.558841920960480252e+02 1.277285983589449891e+01
4.563350675337668463e+02 1.320695700105055259e+01
4.567859429714857242e+02 1.358437638820555904e+01
4.572368184092046022e+02 1.386306675627981733e+01
4.576876938469234233e+02 1.411046596165725298e+01
4.581385692846423012e+02 1.443212957396541540e+01
4.585894447223611792e+02 1.489967477878336766e+01
4.590403201600800003e+02 1.538503968425557034e+01
4.594911955977988782e+02 1.561090834986847931e+01
4.599420710355177562e+02 1.554178269455520756e+01
4.603929464732365773e+02 1.540686211995828891e+01
4.608438219109554552e+02 1.541778977600809775e+01
4.612946973486743332e+02 1.563643161096820045e+01
4.617455727863931543e+02 1.600278907441777676e+01
4.621964482241120322e+02 1.637631970709552220e+01
4.626473236618309102e+02 1.646696664215226846e+01
4.630981990995497313e+02 1.586512012460404719e+01
4.635490745372686092e+02 1.483619140124657143e+01
4.639999499749874872e+02 1.416991009926801404e+01
4.644508254127063083e+02 1.398049079006694662e+01
4.649017008504251862e+02 1.413172649842171502e+01
4.653525762881440642e+02 1.453776381701900533e+01
4.658034517258628853e+02 1.508476549929512522e+01
4.662543271635817632e+02 1.553380661697569209e+01
4.667052026013006412e+02 1.545582915025059911e+01
4.671560780390194623e+02 1.484982538957211062e+01
4.676069534767383402e+02 1.449892987654574839e+01
4.680578289144572182e+02 1.457862660272077271e+01
4.685087043521760393e+02 1.483653532274918341e+01
4.689595797898949172e+02 1.505525064063195728e+01
4.694104552276137952e+02 1.506254367110330428e+01
4.698613306653326163e+02 1.480024352753194350e+01
4.703122061030514942e+02 1.442383440689757990e+01
4.707630815407703722e+02 1.419859945394019007e+01
4.712139569784891933e+02 1.425467427830217204e+01
4.716648324162080712e+02 1.450854953529809421e+01
4.721157078539269492e+02 1.480752794845514764e+01
4.725665832916457703e+02 1.505931984336588414e+01
4.730174587293646482e+02 1.517338089975655357e+01
4.734683341670835262e+02 1.500277985389978141e+01
4.739192096048024041e+02 1.458293287837482488e+01
4.743700850425212252e+02 1.425208455649141648e+01
4.748209604802401032e+02 1.438171508950225785e+01
4.752718359179589811e+02 1.497484222778849272e+01
4.757227113556778022e+02 1.564329936241130525e+01
4.761735867933966802e+02 1.606717256034673369e+01
4.766244622311155581e+02 1.618295528743113820e+01
4.770753376688343792e+02 1.599244626843435313e+01
4.775262131065532571e+02 1.540955434791613676e+01
4.779770885442721351e+02 1.441225353711623747e+01
4.784279639819909562e+02 1.338832095240414688e+01
4.788788394197098341e+02 1.273616146952624817e+01
4.793297148574287121e+02 1.245708429835692321e+01
4.797805902951475332e+02 1.251293419185703293e+01
4.802314657328664111e+02 1.301271762900103468e+01
4.806823411705852891e+02 1.402002733787324829e+01
4.811332166083041102e+02 1.515941673063962547e+01
4.815840920460229881e+02 1.582612523870212939e+01
4.820349674837418661e+02 1.594803981697266337e+01
4.824858429214606872e+02 1.579831425503827802e+01
4.829367183591795651e+02 1.549247331188594679e+01
4.833875937968984431e+02 1.494433890044786750e+01
4.838384692346172642e+02 1.406004049951945056e+01
4.842893446723361421e+02 1.309328063299714451e+01
4.847402201100550201e+02 1.253815645555540037e+01
4.851910955477738412e+02 1.257642349025364048e+01
4.856419709854927191e+02 1.315522638147334789e+01
4.860928464232115971e+02 1.410067251699530111e+01
4.865437218609304182e+02 1.505327963005201042e+01
4.869945972986492961e+02 1.572763217410709302e+01
4.874454727363681741e+02 1.608976335992974782e+01
4.878963481740869952e+02 1.622486550208188305e+01
4.883472236118058731e+02 1.624227346856942233e+01
4.887980990495247511e+02 1.623266733289906938e+01
4.892489744872435722e+02 1.623589126835980068e+01
4.896998499249624501e+02 1.623530946723529311e+01
4.901507253626813281e+02 1.614938338034776777e+01
4.906016008004001492e+02 1.592587202812961067e+01
4.910524762381190271e+02 1.574518688379070852e+01
4.915033516758379051e+02 1.573261250297290381e+01
4.919542271135567262e+02 1.585445768188968430e+01
4.924051025512756041e+02 1.601309776787094918e+01
4.928559779889944821e+02 1.604059153128313397e+01
4.933068534267133032e+02 1.578045510615200087e+01
4.937577288644321811e+02 1.518727440345996094e+01
4.942086043021510591e+02 1.436962166342183878e+01
4.946594797398699370e+02 1.356720182518364304e+01
4.951103551775887581e+02 1.299281981105713690e+01
4.955612306153076361e+02 1.272644727101082829e+01
4.960121060530265140e+02 1.282400997234472051e+01
4.964629814907453351e+02 1.335062801091775597e+01
4.969138569284642131e+02 1.406555029678650648e+01
4.973647323661830910e+02 1.453813986598640717e+01
4.978156078039019121e+02 1.464652432147116912e+01
4.982664832416207901e+02 1.435517656947242493e+01
4.987173586793396680e+02 1.360181405296908785e+01
4.991682341170584891e+02 1.269005482718189093e+01
4.996191095547773671e+02 1.211862863936700663e+01
5.000699849924962450e+02 1.192193958963519407e+01
5.005208604302150661e+02 1.192058877885842705e+01
5.009717358679339441e+02 1.203223445789585710e+01
5.014226113056528220e+02 1.230658192947341334e+01
5.018734867433716431e+02 1.281567511460166209e+01
5.023243621810905211e+02 1.327846676370583090e+01
5.027752376188093990e+02 1.339543295327425554e+01
5.032261130565282201e+02 1.332892518600200127e+01
5.036769884942470981e+02 1.324380520396017502e+01
5.041278639319659760e+02 1.318757017662576736e+01
5.045787393696847971e+02 1.314159034721197550e+01
5.050296148074036751e+02 1.305167183207421644e+01
5.054804902451225530e+02 1.290014708919073705e+01
5.059313656828413741e+02 1.274843707909251656e+01
5.063822411205602521e+02 1.266471815880163199e+01
5.068331165582791300e+02 1.269099696270802369e+01
5.072839919959979511e+02 1.287915064815328314e+01
5.077348674337168291e+02 1.330469430980135215e+01
5.081857428714357070e+02 1.401063311108906895e+01
5.086366183091545281e+02 1.487029101691985389e+01
5.090874937468734061e+02 1.556640354009660321e+01
5.095383691845922840e+02 1.586081430417996962e+01
5.099892446223111051e+02 1.577635977566461989e+01
5.104401200600299831e+02 1.552736793318411657e+01
5.108909954977488610e+02 1.532842176752371799e+01
5.113418709354676821e+02 1.515188684409809383e+01
5.117927463731865600e+02 1.478930231999587441e+01
5.122436218109054380e+02 1.414569583319823032e+01
5.126944972486243159e+02 1.338945391365179738e+01
5.131453726863431939e+02 1.278425832058026401e+01
5.135962481240619582e+02 1.241616727507746809e+01
5.140471235617808361e+02 1.223207174355102467e+01
5.144979989994997140e+02 1.222470554867678771e+01
5.149488744372185920e+02 1.245896602319382573e+01
5.153997498749374699e+02 1.301871181511844533e+01
5.158506253126563479e+02 1.394585812214242182e+01
5.163015007503751121e+02 1.506969305053292985e+01
5.167523761880939901e+02 1.566570312916760166e+01
5.172032516258128680e+02 1.519299055685055677e+01
5.176541270635317460e+02 1.432285294819379651e+01
5.181050025012506239e+02 1.361470145446487123e+01
5.185558779389695019e+02 1.317005444986559404e+01
5.190067533766882661e+02 1.299166547556310647e+01
5.194576288144071441e+02 1.309723978544658074e+01
5.199085042521260220e+02 1.348890752457108633e+01
5.203593796898449000e+02 1.399568536934801166e+01
5.208102551275637779e+02 1.423401076275533406e+01
5.212611305652826559e+02 1.409947141143460847e+01
5.217120060030014201e+02 1.389537256447291291e+01
5.221628814407202981e+02 1.382426450169105259e+01
5.226137568784391760e+02 1.383562068464017969e+01
5.230646323161580540e+02 1.376250422953198438e+01
5.235155077538769319e+02 1.350148535113222792e+01
5.239663831915958099e+02 1.311479217805139008e+01
5.244172586293145741e+02 1.276939146478954967e+01
5.248681340670334521e+02 1.270781630821027619e+01
5.253190095047523300e+02 1.333809981746461482e+01
5.257698849424712080e+02 1.458298373799908809e+01
5.262207603801900859e+02 1.512880514091292028e+01
5.266716358179089639e+02 1.476260074057961624e+01
5.271225112556278418e+02 1.416355883168953866e+01
5.275733866933466061e+02 1.373625113790252428e+01
5.280242621310654840e+02 1.361311067430885124e+01
5.284751375687843620e+02 1.375545017503852208e+01
5.289260130065032399e+02 1.402800852953966881e+01
5.293768884442221179e+02 1.427742477681827893e+01
5.298277638819409958e+02 1.438981275289245865e+01
5.302786393196597601e+02 1.431022427382912809e+01
5.307295147573786380e+02 1.407601963098139741e+01
5.311803901950975160e+02 1.384152322822608383e+01
5.316312656328163939e+02 1.373413906565261300e+01
5.320821410705352719e+02 1.373301979080766344e+01
5.325330165082541498e+02 1.377022627642439012e+01
5.329838919459729141e+02 1.380922056822693378e+01
5.334347673836917920e+02 1.383872498274772589e+01
5.338856428214106700e+02 1.386859787135305311e+01
5.343365182591295479e+02 1.392361689417917958e+01
5.347873936968484259e+02 1.401535876875596998e+01
5.352382691345673038e+02 1.413899226135094800e+01
5.356891445722860681e+02 1.426422480450984409e+01
5.361400200100049460e+02 1.426009819067317963e+01
5.365908954477238240e+02 1.376825678725274926e+01
5.370417708854427019e+02 1.289757023866001973e+01
5.374926463231615799e+02 1.244050592538014932e+01
5.379435217608804578e+02 1.231662855425324921e+01
5.383943971985992221e+02 1.229124451941809681e+01
5.388452726363181000e+02 1.229613327286718238e+01
5.392961480740369780e+02 1.233953950506832697e+01
5.397470235117558559e+02 1.250241981205735442e+01
5.401978989494747339e+02 1.289695613967614385e+01
5.406487743871936118e+02 1.333244565458517528e+01
5.410996498249123761e+02 1.361228091289637376e+01
5.415505252626312540e+02 1.382601006873257887e+01
5.420014007003501320e+02 1.400485064434139026e+01
5.424522761380690099e+02 1.410026073674756830e+01
5.429031515757878879e+02 1.405015678493052533e+01
5.433540270135067658e+02 1.381427636820301963e+01
5.438049024512255301e+02 1.340494041791292545e+01
5.442557778889444080e+02 1.293218104686994252e+01
5.447066533266632860e+02 1.257372895722500949e+01
5.451575287643821639e+02 1.243367732887263344e+01
5.456084042021010418e+02 1.254152591528799654e+01
5.460592796398199198e+02 1.297645668592452139e+01
5.465101550775387977e+02 1.382455000114042853e+01
5.469610305152575620e+02 1.485173231064972121e+01
5.474119059529764399e+02 1.538220681432667547e+01
5.478627813906953179e+02 1.514061337649271799e+01
5.483136568284141958e+02 1.462579842466962177e+01
5.487645322661330738e+02 1.422701904526588201e+01
5.492154077038519517e+02 1.393654753571026639e+01
5.496662831415707160e+02 1.364319555630505043e+01
5.501171585792895939e+02 1.330751940050188864e+01
5.505680340170084719e+02 1.299040215851616509e+01
5.510189094547273498e+02 1.280343538375676005e+01
5.514697848924462278e+02 1.280791386752550665e+01
5.519206603301651057e+02 1.291643180857903950e+01
5.523715357678838700e+02 1.299995138070202572e+01
5.528224112056027479e+02 1.302703996457412750e+01
5.532732866433216259e+02 1.300314744133943634e+01
5.537241620810405038e+02 1.289083380529561929e+01
5.541750375187593818e+02 1.261290031193808048e+01
5.546259129564782597e+02 1.232454809455692057e+01
5.550767883941970240e+02 1.226346271938153443e+01
5.555276638319159019e+02 1.233148907214116541e+01
5.559785392696347799e+02 1.242305397521867505e+01
5.564294147073536578e+02 1.249808169396853685e+01
5.568802901450725358e+02 1.254645157231131591e+01
5.573311655827914137e+02 1.258880982266606452e+01
5.577820410205101780e+02 1.269465235922174706e+01
5.582329164582290559e+02 1.297329074200879795e+01
5.586837918959479339e+02 1.338177398565753329e+01
5.591346673336668118e+02 1.356239383476743043e+01
5.595855427713856898e+02 1.336240788095959608e+01
5.600364182091045677e+02 1.298274508640865221e+01
5.604872936468233320e+02 1.265093717494245062e+01
5.609381690845422099e+02 1.257118859789459542e+01
5.613890445222610879e+02 1.295377618263317920e+01
5.618399199599799658e+02 1.388793768953474483e+01
5.622907953976988438e+02 1.501129226370443526e+01
5.627416708354177217e+02 1.566866442999441489e+01
5.631925462731364860e+02 1.568052525637706296e+01
5.636434217108553639e+02 1.531027870864245877e+01
5.640942971485742419e+02 1.481253712856318927e+01
5.645451725862931198e+02 1.432081352672090802e+01
5.649960480240119978e+02 1.391383318629173971e+01
5.654469234617308757e+02 1.385222860752215013e+01
5.658977988994496400e+02 1.500707304771533401e+01
5.663486743371685179e+02 1.605710411044556452e+01
5.667995497748873959e+02 1.613814262371472097e+01
5.672504252126062738e+02 1.599821601050333264e+01
5.677013006503251518e+02 1.581722683731341661e+01
5.681521760880440297e+02 1.563665682853105743e+01
5.686030515257629077e+02 1.549325658535460626e+01
5.690539269634816719e+02 1.542507764206809284e+01
5.695048024012005499e+02 1.542773283079503344e+01
5.699556778389194278e+02 1.537605201800094790e+01
5.704065532766383058e+02 1.509728810666556420e+01
5.708574287143571837e+02 1.462010959172345714e+01
5.713083041520760617e+02 1.410537007507205765e+01
5.717591795897948259e+02 1.361877982955329358e+01
5.722100550275137039e+02 1.309291990788781312e+01
5.726609304652325818e+02 1.246564327591310928e+01
5.731118059029514598e+02 1.197262194571522009e+01
5.735626813406703377e+02 1.178166833344851305e+01
5.740135567783892157e+02 1.177207885944088872e+01
5.744644322161079799e+02 1.189321795223399292e+01
5.749153076538268579e+02 1.219527646542630706e+01
5.753661830915457358e+02 1.271030236984027084e+01
5.758170585292646138e+02 1.329990456319742265e+01
5.762679339669834917e+02 1.369216154572070998e+01
5.767188094047023696e+02 1.378690560036673851e+01
5.771696848424211339e+02 1.374040946475596314e+01
5.776205602801400119e+02 1.376712154760808815e+01
5.780714357178588898e+02 1.398300449452440830e+01
5.785223111555777677e+02 1.433257949347596849e+01
5.789731865932966457e+02 1.463713032883998544e+01
5.794240620310155236e+02 1.479417933486835501e+01
5.798749374687342879e+02 1.484427439133399851e+01
5.803258129064531659e+02 1.485278730066765007e+01
5.807766883441720438e+02 1.484706274101077739e+01
5.812275637818909217e+02 1.481975831952265565e+01
5.816784392196097997e+02 1.469369286925361351e+01
5.821293146573286776e+02 1.419338227843989486e+01
5.825801900950474419e+02 1.344956266180012605e+01
5.830310655327663198e+02 1.316970095435738841e+01
5.834819409704851978e+02 1.313988902889853350e+01
5.839328164082040757e+02 1.319471602011652678e+01
5.843836918459229537e+02 1.335491729181520526e+01
5.848345672836418316e+02 1.370173639489851070e+01
5.852854427213605959e+02 1.427508706178970677e+01
5.857363181590794738e+02 1.494149535833907727e+01
5.861871935967983518e+02 1.547044327039399825e+01
5.866380690345172297e+02 1.574920229354941270e+01
5.870889444722361077e+02 1.572648003969995401e+01
5.875398199099549856e+02 1.531536880972157633e+01
5.879906953476737499e+02 1.482045446926883159e+01
5.884415707853926278e+02 1.466329212415607408e+01
5.888924462231115058e+02 1.473157071881474423e+01
5.893433216608303837e+02 1.486969583259559791e+01
5.897941970985492617e+02 1.498600241755445595e+01
5.902450725362681396e+02 1.496084840357389645e+01
5.906959479739870176e+02 1.467656473254112193e+01
5.911468234117057818e+02 1.424398512932816807e+01
5.915976988494246598e+02 1.388348873845135500e+01
5.920485742871435377e+02 1.363108955544635315e+01
5.924994497248624157e+02 1.344656839977946738e+01
5.929503251625812936e+02 1.330417837321342489e+01
5.934012006003001716e+02 1.317116707717460677e+01
5.938520760380189358e+02 1.297231514155404319e+01
5.943029514757378138e+02 1.260635862152161479e+01
5.947538269134566917e+02 1.211198464969163346e+01
5.952047023511755697e+02 1.176304897377842629e+01
5.956555777888944476e+02 1.173717858492817356e+01
5.961064532266133256e+02 1.198897053053225825e+01
5.965573286643320898e+02 1.235854474885062615e+01
5.970082041020509678e+02 1.266502490575566853e+01
5.974590795397698457e+02 1.284517049939141131e+01
5.979099549774887237e+02 1.293638913934717927e+01
5.983608304152076016e+02 1.298456824743053595e+01
5.988117058529264796e+02 1.302040061023084405e+01
5.992625812906452438e+02 1.309774134643777543e+01
5.997134567283641218e+02 1.341333169075406495e+01
6.001643321660829997e+02 1.399154403079018749e+01
6.006152076038018777e+02 1.419789631254797513e+01
6.010660830415207556e+02 1.415123808970141539e+01
6.015169584792396336e+02 1.405152044624822771e+01
6.019678339169583978e+02 1.395537886893500534e+01
6.024187093546772758e+02 1.391289365165071246e+01
6.028695847923961537e+02 1.399827937371604669e+01
6.033204602301150317e+02 1.426030366194007648e+01
6.037713356678339096e+02 1.463936693220243335e+01
6.042222111055527876e+02 1.500674629317914466e+01
6.046730865432715518e+02 1.528985690522132046e+01
6.051239619809904298e+02 1.552119160757425220e+01
6.055748374187093077e+02 1.585574276993862064e+01
6.060257128564281857e+02 1.647130976653738443e+01
6.064765882941470636e+02 1.710050324199833227e+01
6.069274637318659416e+02 1.734993426940506822e+01
6.073783391695847058e+02 1.713218286073144014e+01
6.078292146073035838e+02 1.633780768099871494e+01
6.082800900450224617e+02 1.498704865664748986e+01
6.087309654827413397e+02 1.356339678851884578e+01
6.091818409204602176e+02 1.263301055175064036e+01
6.096327163581790956e+02 1.227796077522616436e+01
6.100835917958979735e+02 1.226720349848001312e+01
6.105344672336167378e+02 1.239566185246790653e+01
6.109853426713356157e+02 1.263724344482484341e+01
6.114362181090544937e+02 1.333370475289674850e+01
6.118870935467733716e+02 1.519648302125196437e+01
6.123379689844922495e+02 1.712829522120667392e+01
6.127888444222111275e+02 1.761798970678503551e+01
6.132397198599298918e+02 1.741204393718670218e+01
6.136905952976487697e+02 1.702427729508069731e+01
6.141414707353676476e+02 1.657648860704295757e+01
6.145923461730865256e+02 1.612457790231335508e+01
6.150432216108054035e+02 1.576208223652602847e+01
6.154940970485242815e+02 1.559829733532953888e+01
6.159449724862430458e+02 1.567208875064810769e+01
6.163958479239619237e+02 1.580400348913908282e+01
6.168467233616808016e+02 1.555429603279506878e+01
6.172975987993996796e+02 1.484689192651490330e+01
6.177484742371185575e+02 1.404419651031655825e+01
6.181993496748374355e+02 1.339043389723045330e+01
6.186502251125561997e+02 1.294564572420195425e+01
6.191011005502750777e+02 1.268581991459751634e+01
6.195519759879939556e+02 1.256340308865171806e+01
6.200028514257128336e+02 1.254582452171968576e+01
6.204537268634317115e+02 1.268790896684796543e+01
6.209046023011505895e+02 1.310437469198970106e+01
6.213554777388693537e+02 1.341209040307509071e+01
6.218063531765882317e+02 1.356360174024918841e+01
6.222572286143071096e+02 1.372910632286004606e+01
6.227081040520259876e+02 1.399361885276147888e+01
6.231589794897448655e+02 1.444775036877299002e+01
6.236098549274637435e+02 1.515301113792219745e+01
6.240607303651825077e+02 1.597939245104892869e+01
6.245116058029013857e+02 1.660193014150580737e+01
6.249624812406202636e+02 1.681164998421999002e+01
6.254133566783391416e+02 1.655883938893916252e+01
6.258642321160580195e+02 1.580336024320294541e+01
6.263151075537768975e+02 1.479792027325786918e+01
6.267659829914956617e+02 1.407803484733201671e+01
6.272168584292145397e+02 1.372056683181859071e+01
6.276677338669334176e+02 1.353568172642953726e+01
6.281186093046522956e+02 1.342170720452004318e+01
6.285694847423711735e+02 1.338032162315299800e+01
6.290203601800900515e+02 1.353342026696605771e+01
6.294712356178088157e+02 1.404438651132114835e+01
6.299221110555276937e+02 1.456927982374500985e+01
6.303729864932465716e+02 1.481085261239570627e+01
6.308238619309654496e+02 1.491446656326993292e+01
6.312747373686843275e+02 1.499191016311196023e+01
6.317256128064032055e+02 1.511285392839795172e+01
6.321764882441220834e+02 1.535981138524666711e+01
6.326273636818408477e+02 1.578732552259241650e+01
6.330782391195597256e+02 1.636406357868074934e+01
6.335291145572786036e+02 1.700544318328898541e+01
6.339799899949974815e+02 1.763552642361884182e+01
6.344308654327163595e+02 1.820636149461470055e+01
6.348817408704352374e+02 1.869236300695164843e+01
6.353326163081540017e+02 1.906057399336114599e+01
6.357834917458728796e+02 1.884227064210065805e+01
6.362343671835917576e+02 1.573662096479951167e+01
6.366852426213106355e+02 1.408260551679119388e+01
6.371361180590295135e+02 1.388519936572803282e+01
6.375869934967483914e+02 1.378010741901708336e+01
6.380378689344671557e+02 1.363874077521826678e+01
6.384887443721860336e+02 1.342926924746971729e+01
6.389396198099049116e+02 1.312057791477406532e+01
6.393904952476237895e+02 1.269221879625181160e+01
6.398413706853426675e+02 1.216244009378837099e+01
6.402922461230615454e+02 1.160635748156539826e+01
6.407431215607803097e+02 1.114114279499749927e+01
6.411939969984991876e+02 1.094117183304838115e+01
6.416448724362180656e+02 1.133362496710171285e+01
6.420957478739369435e+02 1.232294538287288788e+01
6.425466233116558215e+02 1.317306279298597715e+01
6.429974987493746994e+02 1.373649187398622828e+01
6.434483741870934637e+02 1.416807775925697044e+01
6.438992496248123416e+02 1.450006855221766244e+01
6.443501250625312196e+02 1.472575868151687217e+01
6.448010005002500975e+02 1.485618480556985865e+01
6.452518759379689754e+02 1.491571966094810442e+01
6.457027513756878534e+02 1.492040412071008149e+01
6.461536268134066177e+02 1.480975522397091915e+01
6.466045022511254956e+02 1.418202992873905011e+01
6.470553776888443736e+02 1.318326787767573016e+01
6.475062531265632515e+02 1.288505932025488576e+01
6.479571285642821294e+02 1.285009267772368524e+01
6.484080040020010074e+02 1.286089836864026381e+01
6.488588794397197717e+02 1.292390779485399221e+01
6.493097548774386496e+02 1.317522787453921218e+01
6.497606303151575275e+02 1.396338487775025072e+01
6.502115057528764055e+02 1.532586711152042369e+01
6.506623811905952834e+02 1.632453749859482173e+01
6.511132566283141614e+02 1.670601442920853330e+01
6.515641320660330393e+02 1.678762977511120269e+01
6.520150075037518036e+02 1.663933692879195547e+01
6.524658829414706815e+02 1.608173948900032713e+01
6.529167583791895595e+02 1.509743780639625577e+01
6.533676338169084374e+02 1.426889200862344609e+01
6.538185092546273154e+02 1.388987585424255045e+01
6.542693846923461933e+02 1.376582888358438339e+01
6.547202601300649576e+02 1.374527119748040604e+01
6.551711355677838355e+02 1.383615898190219973e+01
6.556220110055027135e+02 1.436772674786143256e+01
6.560728864432215914e+02 1.605543831749187333e+01
6.565237618809404694e+02 1.748282218092265694e+01
6.569746373186593473e+02 1.733880470485756931e+01
6.574255127563781116e+02 1.661638486932544012e+01
6.578763881940969895e+02 1.577542132070272629e+01
6.583272636318158675e+02 1.493583877034637553e+01
6.587781390695347454e+02 1.412732074215491451e+01
6.592290145072536234e+02 1.337300640662250473e+01
6.596798899449725013e+02 1.275735399652038460e+01
6.601307653826912656e+02 1.238858491971771336e+01
6.605816408204101435e+02 1.227106103939532922e+01
6.610325162581290215e+02 1.227507721352080416e+01
6.614833916958478994e+02 1.222490558628063084e+01
6.619342671335667774e+02 1.207043623040639702e+01
6.623851425712856553e+02 1.200215567334511491e+01
6.628360180090044196e+02 1.222322979635980111e+01
6.632868934467232975e+02 1.277698375345516801e+01
6.637377688844421755e+02 1.355226120666429779e+01
6.641886443221610534e+02 1.431278839641907297e+01
6.646395197598799314e+02 1.482312977750223304e+01
6.650903951975988093e+02 1.493711550631020835e+01
6.655412706353175736e+02 1.467454298946720215e+01
6.659921460730364515e+02 1.422572630487414713e+01
6.664430215107553295e+02 1.378115143682873978e+01
6.668938969484742074e+02 1.349136458400943184e+01
6.673447723861930854e+02 1.355322851206761925e+01
6.677956478239119633e+02 1.411447064357371062e+01
6.682465232616307276e+02 1.479476495860656726e+01
6.686973986993496055e+02 1.492882544553778956e+01
6.691482741370684835e+02 1.446193734790963958e+01
6.695991495747873614e+02 1.381062028609550474e+01
6.700500250125062394e+02 1.347111355040482472e+01
6.705009004502251173e+02 1.375783193480365618e+01
6.709517758879438816e+02 1.455832445348163162e+01
6.714026513256627595e+02 1.527232924003407710e+01
6.718535267633816375e+02 1.542746328446019000e+01
6.723044022011005154e+02 1.510912072427283448e+01
6.727552776388193934e+02 1.458617199670672626e+01
6.732061530765382713e+02 1.402897760004604955e+01
6.736570285142571493e+02 1.348842660343459698e+01
6.741079039519759135e+02 1.290119938575595526e+01
6.745587793896947915e+02 1.215184308965474003e+01
6.750096548274136694e+02 1.148341246500851121e+01
6.754605302651325474e+02 1.120352164484686952e+01
6.759114057028514253e+02 1.113005492148977105e+01
6.763622811405703033e+02 1.110390023928961689e+01
6.768131565782890675e+02 1.107776445530903686e+01
6.772640320160079455e+02 1.106422794395824738e+01
6.777149074537268234e+02 1.110946073406840462e+01
6.781657828914457014e+02 1.121419455716409708e+01
6.786166583291645793e+02 1.134822532160387532e+01
6.790675337668834572e+02 1.148219854877388713e+01
6.795184092046022215e+02 1.158972701575161501e+01
6.799692846423210995e+02 1.166046688927667851e+01
6.804201600800399774e+02 1.172038992623630094e+01
6.808710355177588553e+02 1.188961203363282415e+01
6.813219109554777333e+02 1.251588370935040118e+01
6.817727863931966112e+02 1.371924094408947070e+01
6.822236618309153755e+02 1.464811700435299890e+01
6.826745372686342535e+02 1.512189369859784449e+01
6.831254127063531314e+02 1.542612824480548994e+01
6.835762881440720093e+02 1.566989223636642237e+01
6.840271635817908873e+02 1.586244195056041306e+01
6.844780390195097652e+02 1.598806815982983309e+01
6.849289144572285295e+02 1.600297968451477004e+01
6.853797898949474074e+02 1.572894017388768084e+01
6.858306653326662854e+02 1.501749594172193092e+01
6.862815407703851633e+02 1.465609502441754053e+01
6.867324162081040413e+02 1.482591217342772261e+01
6.871832916458229192e+02 1.520108762157647675e+01
6.876341670835416835e+02 1.569980986796921130e+01
6.880850425212605614e+02 1.629086791123939904e+01
6.885359179589794394e+02 1.684219931272112802e+01
6.889867933966983173e+02 1.707656597391140707e+01
6.894376688344171953e+02 1.680541100580578018e+01
6.898885442721360732e+02 1.621061586282290179e+01
6.903394197098548375e+02 1.561874668206350414e+01
6.907902951475737154e+02 1.517883416419302200e+01
6.912411705852925934e+02 1.483317690567304936e+01
6.916920460230114713e+02 1.418256908431085606e+01
6.921429214607303493e+02 1.259998428020266559e+01
6.925937968984492272e+02 1.172817257145735681e+01
6.930446723361681052e+02 1.190315470779639284e+01
6.934955477738868694e+02 1.242480670787852937e+01
6.939464232116057474e+02 1.314005718592223637e+01
6.943972986493246253e+02 1.396633451440286500e+01
6.948481740870435033e+02 1.474457723875688586e+01
6.952990495247623812e+02 1.527049829960699867e+01
6.957499249624812592e+02 1.541105357700272727e+01
6.962008004002000234e+02 1.518014298878029145e+01
6.966516758379189014e+02 1.467805829785448246e+01
6.971025512756377793e+02 1.400750217199871450e+01
6.975534267133566573e+02 1.328183844636796529e+01
6.980043021510755352e+02 1.262935616388959836e+01
6.984551775887944132e+02 1.213352590146842758e+01
6.989060530265131774e+02 1.180570257575543458e+01
6.993569284642320554e+02 1.164641963590708151e+01
6.998078039019509333e+02 1.188305060264714541e+01
7.002586793396698113e+02 1.277127622418355735e+01
7.007095547773886892e+02 1.319263934378706615e+01
7.011604302151075672e+02 1.326073756455378039e+01
7.016113056528263314e+02 1.328673149203177140e+01
7.020621810905452094e+02 1.334314334789150713e+01
7.025130565282640873e+02 1.348343865995832758e+01
7.029639319659829653e+02 1.373043497510051658e+01
7.034148074037018432e+02 1.396591139805600079e+01
7.038656828414207212e+02 1.406406677020818385e+01
7.043165582791394854e+02 1.403914063147970914e+01
7.047674337168583634e+02 1.392557961875567862e+01
7.052183091545772413e+02 1.372506607695879666e+01
7.056691845922961193e+02 1.343843552912955097e+01
7.061200600300149972e+02 1.311128849829030685e+01
7.065709354677338752e+02 1.282765897750488193e+01
7.070218109054526394e+02 1.261947886293927823e+01
7.074726863431715174e+02 1.243253188713094382e+01
7.079235617808903953e+02 1.223147376752460502e+01
7.083744372186092733e+02 1.206769305140707615e+01
7.088253126563281512e+02 1.202362098316412009e+01
7.092761880940470292e+02 1.212971554919703188e+01
7.097270635317657934e+02 1.233439898424012782e+01
7.101779389694846714e+02 1.255152295948743202e+01
7.106288144072035493e+02 1.272770793010444201e+01
7.110796898449224273e+02 1.287661703750981346e+01
7.115305652826413052e+02 1.313693791862576532e+01
7.119814407203601831e+02 1.350914375323004002e+01
7.124323161580789474e+02 1.377627778077121157e+01
7.128831915957978254e+02 1.400101296376015370e+01
7.133340670335167033e+02 1.422165512813183774e+01
7.137849424712355813e+02 1.442904088394422146e+01
7.142358179089544592e+02 1.457987731012485533e+01
7.146866933466733371e+02 1.458715716037461263e+01
7.151375687843922151e+02 1.436452865685408931e+01
7.155884442221109794e+02 1.397129884647103282e+01
7.160393196598298573e+02 1.360785482935716928e+01
7.164901950975487352e+02 1.339889408019518235e+01
7.169410705352676132e+02 1.340974905922797511e+01
7.173919459729864911e+02 1.377581673125039607e+01
7.178428214107053691e+02 1.414758796713655720e+01
7.182936968484241333e+02 1.414443154265078562e+01
7.187445722861430113e+02 1.398957910307678176e+01
7.191954477238618892e+02 1.379979327181421489e+01
7.196463231615807672e+02 1.360152221084769408e+01
7.200971985992996451e+02 1.339946702045457450e+01
7.205480740370185231e+02 1.318525390415705445e+01
7.209989494747372873e+02 1.295995372239486620e+01
7.214498249124561653e+02 1.277338512814599980e+01
7.219007003501750432e+02 1.264636364715487460e+01
7.223515757878939212e+02 1.255816844361740792e+01
7.228024512256127991e+02 1.249761438252236623e+01
7.232533266633316771e+02 1.246181114671943391e+01
7.237042021010504413e+02 1.244867703943164905e+01
7.241550775387693193e+02 1.245496068514107435e+01
7.246059529764881972e+02 1.247650862582449172e+01
7.250568284142070752e+02 1.250899147916402931e+01
7.255077038519259531e+02 1.254883605118363121e+01
7.259585792896448311e+02 1.260893592312398326e+01
7.264094547273635953e+02 1.330560282951654472e+01
7.268603301650824733e+02 1.857032146440817399e+01
7.273112056028013512e+02 1.975458853466478004e+01
7.277620810405202292e+02 1.959597837179358493e+01
7.282129564782391071e+02 1.935570716718020634e+01
7.286638319159579851e+02 1.906652428415856093e+01
7.291147073536767493e+02 1.873074757019409020e+01
7.295655827913956273e+02 1.835503729691345498e+01
7.300164582291145052e+02 1.795093443927321175e+01
7.304673336668333832e+02 1.753328403833148386e+01
7.309182091045522611e+02 1.711768378336359220e+01
7.313690845422711391e+02 1.671783206652399301e+01
7.318199599799899033e+02 1.634321123788999586e+01
7.322708354177087813e+02 1.599341359765388759e+01
7.327217108554276592e+02 1.561261238722214806e+01
7.331725862931465372e+02 1.481860907993975651e+01
7.336234617308654151e+02 1.346763005379941980e+01
7.340743371685842931e+02 1.301353651441922210e+01
7.345252126063030573e+02 1.295429636577429022e+01
7.349760880440219353e+02 1.292456200741816907e+01
7.354269634817408132e+02 1.285144787840337344e+01
7.358778389194596912e+02 1.266049375478004535e+01
7.363287143571785691e+02 1.226486596880472213e+01
7.367795897948974471e+02 1.173721755261832023e+01
7.372304652326163250e+02 1.133251194919317051e+01
7.376813406703350893e+02 1.113503129122395663e+01
7.381322161080539672e+02 1.106418724235278539e+01
7.385830915457728452e+02 1.107122719907969710e+01
7.390339669834917231e+02 1.126205719016929763e+01
7.394848424212106011e+02 1.208925469094029914e+01
7.399357178589294790e+02 1.331099495476317074e+01
7.403865932966482433e+02 1.379193942201450795e+01
7.408374687343671212e+02 1.387233938227072372e+01
7.412883441720859992e+02 1.386828637517073837e+01
7.417392196098048771e+02 1.384958988455345619e+01
7.421900950475237551e+02 1.383621177751276754e+01
7.426409704852426330e+02 1.382665758816658830e+01
7.430918459229613973e+02 1.377865759238875754e+01
7.435427213606802752e+02 1.363068869661454308e+01
7.439935967983991532e+02 1.336515009575737878e+01
7.444444722361180311e+02 1.303148675264223755e+01
7.448953476738369091e+02 1.271135703197766276e+01
7.453462231115557870e+02 1.250914608320997168e+01
7.457970985492745513e+02 1.262270139037903327e+01
7.462479739869934292e+02 1.322886979340508162e+01
7.466988494247123072e+02 1.389424536681417521e+01
7.471497248624311851e+02 1.419183415911921564e+01
7.476006003001500630e+02 1.424902292998674902e+01
7.480514757378689410e+02 1.421149823211167984e+01
7.485023511755877053e+02 1.413626512488460563e+01
7.489532266133065832e+02 1.402769125642519299e+01
7.494041020510254612e+02 1.381155997961569604e+01
7.498549774887443391e+02 1.332310879843760887e+01
7.503058529264632170e+02 1.255505835402186854e+01
7.507567283641820950e+02 1.192073417066798591e+01
7.512076038019008593e+02 1.163541925143567290e+01
7.516584792396197372e+02 1.156156714743141656e+01
7.521093546773386151e+02 1.157326973601151998e+01
7.525602301150574931e+02 1.161150905763911112e+01
7.530111055527763710e+02 1.164743051215921099e+01
7.534619809904952490e+02 1.167349908224083421e+01
7.539128564282140132e+02 1.170860081593752433e+01
7.543637318659328912e+02 1.186647156991213592e+01
7.548146073036517691e+02 1.258211350656020500e+01
7.552654827413706471e+02 1.371282712045510266e+01
7.557163581790895250e+02 1.409753089246436808e+01
7.561672336168084030e+02 1.409509034579124531e+01
7.566181090545272809e+02 1.402036602378997721e+01
7.570689844922460452e+02 1.393358444463534163e+01
7.575198599299649231e+02 1.384622037493915592e+01
7.579707353676838011e+02 1.376283661786487045e+01
7.584216108054026790e+02 1.368658906507309148e+01
7.588724862431215570e+02 1.362136787210351230e+01
7.593233616808404349e+02 1.359682488465903205e+01
7.597742371185591992e+02 1.390655864304657285e+01
7.602251125562780771e+02 1.466482039904870938e+01
7.606759879939969551e+02 1.476806721424217272e+01
7.611268634317158330e+02 1.466957623779642894e+01
7.615777388694347110e+02 1.453300290442812503e+01
7.620286143071535889e+02 1.436741527854194977e+01
7.624794897448723532e+02 1.417010488338194385e+01
7.629303651825912311e+02 1.393973364854146979e+01
7.633812406203101091e+02 1.368304529362361777e+01
7.638321160580289870e+02 1.342565085422817006e+01
7.642829914957478650e+02 1.320941371508103224e+01
7.647338669334667429e+02 1.304804381480227704e+01
7.651847423711855072e+02 1.288103906903410056e+01
7.656356178089043851e+02 1.263101839390025916e+01
7.660864932466232631e+02 1.236388222602176157e+01
7.665373686843421410e+02 1.220476180116427756e+01
7.669882441220610190e+02 1.215398672383836853e+01
7.674391195597798969e+02 1.220269055365880284e+01
7.678899949974986612e+02 1.246178320794637884e+01
7.683408704352175391e+02 1.304930206344141119e+01
7.687917458729364171e+02 1.369002378954231069e+01
7.692426213106552950e+02 1.416837395899194263e+01
7.696934967483741730e+02 1.451402947929484633e+01
7.701443721860930509e+02 1.471192755980157507e+01
7.705952476238118152e+02 1.472205226838425851e+01
7.710461230615306931e+02 1.457095801058110496e+01
7.714969984992495711e+02 1.434477721312540410e+01
7.719478739369684490e+02 1.411856434443115660e+01
7.723987493746873270e+02 1.392559008421211253e+01
7.728496248124062049e+02 1.377490527119430652e+01
7.733005002501249692e+02 1.371824181575935953e+01
7.737513756878438471e+02 1.405344949767414064e+01
7.742022511255627251e+02 1.450273778866633911e+01
7.746531265632816030e+02 1.457377530077267913e+01
7.751040020010004810e+02 1.452435069044870986e+01
7.755548774387193589e+02 1.439647361026646699e+01
7.760057528764381232e+02 1.414691739232905654e+01
7.764566283141570011e+02 1.374725171458082684e+01
7.769075037518758791e+02 1.326828341934803035e+01
7.773583791895947570e+02 1.285903491300168078e+01
7.778092546273136350e+02 1.259886385338072223e+01
7.782601300650325129e+02 1.246329231559625406e+01
7.787110055027513908e+02 1.240154181916012099e+01
7.791618809404701551e+02 1.239254914106121319e+01
7.796127563781890331e+02 1.255698922737413881e+01
7.800636318159079110e+02 1.325348714484244539e+01
7.805145072536267890e+02 1.370586636246078172e+01
7.809653826913456669e+02 1.377282862961821230e+01
7.814162581290645448e+02 1.377662489994235351e+01
7.818671335667833091e+02 1.376854455717463210e+01
7.823180090045021871e+02 1.374452169502765031e+01
7.827688844422210650e+02 1.368602891184176862e+01
7.832197598799399429e+02 1.357894108763108854e+01
7.836706353176588209e+02 1.345375552200709812e+01
7.841215107553776988e+02 1.335582214941057977e+01
7.845723861930964631e+02 1.327738676942938589e+01
7.850232616308153411e+02 1.318923697289414498e+01
7.854741370685342190e+02 1.308909618401425412e+01
7.859250125062530969e+02 1.299851101756944516e+01
7.863758879439719749e+02 1.291229201904165791e+01
7.868267633816908528e+02 1.276716457429788676e+01
7.872776388194096171e+02 1.249671178997807885e+01
7.877285142571284950e+02 1.226405009866965834e+01
7.881793896948473730e+02 1.226406091009496890e+01
7.886302651325662509e+02 1.240414359656306509e+01
7.890811405702851289e+02 1.258842974554180039e+01
7.895320160080040068e+02 1.278611257115149336e+01
7.899828914457227711e+02 1.298860220182691272e+01
7.904337668834416490e+02 1.319220558747728234e+01
7.908846423211605270e+02 1.339581909540279980e+01
7.913355177588794049e+02 1.363054894821156715e+01
7.917863931965982829e+02 1.448557083354029373e+01
7.922372686343171608e+02 2.030988850631496234e+01
7.926881440720359251e+02 2.509400513242689712e+01
7.931390195097548030e+02 2.554974204309308305e+01
7.935898949474736810e+02 2.557474346807477517e+01
7.940407703851925589e+02 2.557607041621074728e+01
7.944916458229114369e+02 2.557614303343209627e+01
7.949425212606303148e+02 2.557614896436840013e+01
7.953933966983490791e+02 2.557615132608921016e+01
7.958442721360679570e+02 2.557615349036503005e+01
7.962951475737868350e+02 2.557615563761384792e+01
7.967460230115057129e+02 2.557615773829571282e+01
7.971968984492245909e+02 2.557615724763158482e+01
7.976477738869434688e+02 2.557598935486192460e+01
7.980986493246623468e+02 2.556498825676278841e+01
7.985495247623811110e+02 2.488842260204436130e+01
7.990004002000999890e+02 1.511124301542074022e+01
7.994512756378188669e+02 1.219815634713034846e+01
7.999021510755377449e+02 1.216847012582345933e+01
8.003530265132566228e+02 1.219630209054449210e+01
8.008039019509755008e+02 1.222528670427122144e+01
8.012547773886942650e+02 1.225453650455074417e+01
8.017056528264131430e+02 1.228401914944422124e+01
8.021565282641320209e+02 1.231371477818374061e+01
8.026074037018508989e+02 1.234360312394078996e+01
8.030582791395697768e+02 1.237366336740592310e+01
8.035091545772886548e+02 1.240387418915252660e+01
8.039600300150074190e+02 1.243421382805063935e+01
8.044109054527262970e+02 1.246466014245282672e+01
8.048617808904451749e+02 1.249519067375156034e+01
8.053126563281640529e+02 1.252578271192533421e+01
8.057635317658829308e+02 1.255641336239792416e+01
8.062144072036018088e+02 1.258705957965733546e+01
8.066652826413205730e+02 1.261769389737320068e+01
8.071161580790394510e+02 1.264773947426056466e+01
8.075670335167583289e+02 1.260910371994703816e+01
8.080179089544772069e+02 1.065990957890335977e+01
8.084687843921960848e+02 9.993872276605118898e+00
8.089196598299149628e+02 9.877970634865606669e+00
8.093705352676337270e+02 9.730819423857582251e+00
8.098214107053526050e+02 9.537394067673638176e+00
8.102722861430714829e+02 9.289945874708015694e+00
8.107231615807903609e+02 8.984287835368800046e+00
8.111740370185092388e+02 8.622690516656232873e+00
8.116249124562281168e+02 8.216295480676537366e+00
8.120757878939468810e+02 7.785713920065905569e+00
8.125266633316657590e+02 7.360007828750240400e+00
8.129775387693846369e+02 6.979285159448040510e+00
8.134284142071035149e+02 6.719173690112310027e+00
8.138792896448223928e+02 6.788550782373697245e+00
8.143301650825412707e+02 7.783130483117650655e+00
8.147810405202600350e+02 1.073640915291996123e+01
8.152319159579789130e+02 1.522336524019615744e+01
8.156827913956977909e+02 1.850347349143873288e+01
8.161336668334166689e+02 1.988454502844410854e+01
8.165845422711355468e+02 2.032988469906796070e+01
8.170354177088544247e+02 2.043399301725364481e+01
8.174862931465731890e+02 2.012692683708398533e+01
8.179371685842920670e+02 1.716507177063885337e+01
8.183880440220109449e+02 1.142356476110255592e+01
8.188389194597298228e+02 9.976099395684588700e+00
8.192897948974487008e+02 9.840045886663670416e+00
8.197406703351675787e+02 9.829390592628419299e+00
8.201915457728864567e+02 9.830167933341353859e+00
8.206424212106052209e+02 9.836903681860134085e+00
8.210932966483240989e+02 9.862996653431880034e+00
8.215441720860429768e+02 9.943404688938084490e+00
8.219950475237618548e+02 1.009261671646850189e+01
8.224459229614807327e+02 1.023451931745252708e+01
8.228967983991996107e+02 1.032698195017197129e+01
8.233476738369183749e+02 1.039210054362450286e+01
8.237985492746372529e+02 1.044783984460327453e+01
8.242494247123561308e+02 1.050024797277274224e+01
8.247003001500750088e+02 1.055051167078343610e+01
8.251511755877938867e+02 1.059838541184300276e+01
8.256020510255127647e+02 1.064333232469627966e+01
8.260529264632315289e+02 1.068487537874098336e+01
8.265038019009504069e+02 1.072269745666341301e+01
8.269546773386692848e+02 1.075665626926098994e+01
8.274055527763881628e+02 1.078676644920233763e+01
8.278564282141070407e+02 1.081316842441210824e+01
8.283073036518259187e+02 1.083609362463039538e+01
8.287581790895446829e+02 1.085583147900057277e+01
8.292090545272635609e+02 1.087270119951342906e+01
8.296599299649824388e+02 1.088702944800764172e+01
8.301108054027013168e+02 1.089893556043533884e+01
8.305616808404201947e+02 1.067015640451847247e+01
8.310125562781390727e+02 9.077366509563637109e+00
8.314634317158578369e+02 9.068365736420769707e+00
8.319143071535767149e+02 9.068359168939640114e+00
8.323651825912955928e+02 9.068359240746936223e+00
8.328160580290144708e+02 9.068359317226880378e+00
8.332669334667333487e+02 9.068359393503660826e+00
8.337178089044522267e+02 9.068359469574359011e+00
8.341686843421709909e+02 9.068359545439641067e+00
8.346195597798898689e+02 9.068359621100173129e+00
8.350704352176087468e+02 9.068359696556617777e+00
8.355213106553276248e+02 9.068359771809634040e+00
8.359721860930465027e+02 9.068359846859882722e+00
8.364230615307653807e+02 9.068359921708015747e+00
8.368739369684841449e+02 9.068359996354686814e+00
8.373248124062030229e+02 9.068360070800546069e+00
8.377756878439219008e+02 9.068360145046240106e+00
8.382265632816407788e+02 9.068360219092419072e+00
8.386774387193596567e+02 9.068360292939722456e+00
8.391283141570785347e+02 9.068360366588791521e+00
8.395791895947972989e+02 9.068360440040263981e+00
8.400300650325161769e+02 9.068360513294777547e+00
8.404809404702350548e+02 9.068360586352961050e+00
8.409318159079539328e+02 9.068360659215452202e+00
8.413826913456728107e+02 9.068360731882876280e+00
8.418335667833916887e+02 9.068360804355856786e+00
8.422844422211105666e+02 9.068360876635022549e+00
8.427353176588293309e+02 9.068360948721080561e+00
8.431861930965482088e+02 9.068361020708723075e+00
8.436370685342670868e+02 9.068361194423273375e+00
8.440879439719859647e+02 9.068471671439697346e+00
8.445388194097048427e+02 9.172658521183643998e+00
8.449896948474237206e+02 9.876974841433364460e+00
8.454405702851424849e+02 9.882051381336058427e+00
8.458914457228613628e+02 9.882056192291654995e+00
8.463423211605802408e+02 9.882056287964097407e+00
8.467931965982991187e+02 9.882056379037576832e+00
8.472440720360179967e+02 9.882056469864908266e+00
8.476949474737368746e+02 9.882056560450882543e+00
8.481458229114556389e+02 9.882056650796272379e+00
8.485966983491745168e+02 9.882056740901846936e+00
8.490475737868933948e+02 9.882056830768364719e+00
8.494984492246122727e+02 9.882056920396591337e+00
8.499493246623311506e+02 9.882057009787283519e+00
8.504002001000500286e+02 9.882057098941192663e+00
8.508510755377687929e+02 9.882057187859073721e+00
8.513019509754876708e+02 9.882057276541678092e+00
8.517528264132065488e+02 9.882057364989750070e+00
8.522037018509254267e+02 9.882057453204032171e+00
8.526545772886443046e+02 9.882057541185268690e+00
8.531054527263631826e+02 9.882057628934196813e+00
8.535563281640819469e+02 9.882057716451551954e+00
8.540072036018008248e+02 9.882057803738065971e+00
8.544580790395197027e+02 9.882057890794472499e+00
8.549089544772385807e+02 9.882057977621494516e+00
8.553598299149574586e+02 9.882058064219862104e+00
8.558107053526763366e+02 9.882058150590291135e+00
8.562615807903951008e+02 9.882058236733508139e+00
8.567124562281139788e+02 9.882058322650225435e+00
8.571633316658328567e+02 9.882058408341157119e+00
8.576142071035517347e+02 9.882058493807017285e+00
8.580650825412706126e+02 9.882058579048516478e+00
8.585159579789894906e+02 9.882058664066354581e+00
8.589668334167082548e+02 9.882058748861240360e+00
8.594177088544271328e+02 9.882058833433871925e+00
8.598685842921460107e+02 9.882058917784956265e+00
8.603194597298648887e+02 9.882059001915179053e+00
8.607703351675837666e+02 9.882059085825238398e+00
8.612212106053026446e+02 9.882059169515825303e+00
8.616720860430215225e+02 9.882059252987628994e+00
8.621229614807402868e+02 9.882059336241331593e+00
8.625738369184591647e+02 9.882059419277622325e+00
8.630247123561780427e+02 9.882059502097176207e+00
8.634755877938969206e+02 9.882059584700678911e+00
8.639264632316157986e+02 9.882059667088800126e+00
8.643773386693346765e+02 9.882059749262213089e+00
8.648282141070534408e+02 9.882059831221592816e+00
8.652790895447723187e+02 9.882059912967607218e+00
8.657299649824911967e+02 9.882059994500922429e+00
8.661808404202100746e+02 9.882060075822201028e+00
8.666317158579289526e+02 9.882060156932103823e+00
8.670825912956478305e+02 9.882060237831291616e+00
8.675334667333665948e+02 9.882060318520419884e+00
8.679843421710854727e+02 9.882060399000144102e+00
8.684352176088043507e+02 9.882060479271114417e+00
8.688860930465232286e+02 9.882060559333979199e+00
8.693369684842421066e+02 9.882060639189388596e+00
8.697878439219609845e+02 9.882060718837987423e+00
8.702387193596797488e+02 9.882060798280411618e+00
8.706895947973986267e+02 9.882060877517311326e+00
8.711404702351175047e+02 9.882060956549320707e+00
8.715913456728363826e+02 9.882061035377068592e+00
8.720422211105552606e+02 9.882061114001194468e+00
8.724930965482741385e+02 9.882061192422328944e+00
8.729439719859929028e+02 9.882061270641100847e+00
8.733948474237117807e+02 9.882061348658135458e+00
8.738457228614306587e+02 9.882061426474054500e+00
8.742965982991495366e+02 9.882061504089481474e+00
8.747474737368684146e+02 9.882061581505034553e+00
8.751983491745872925e+02 9.882061658721339015e+00
8.756492246123060568e+02 9.882061735739000596e+00
8.761001000500249347e+02 9.882061812558635694e+00
8.765509754877438127e+02 9.882061889180855374e+00
8.770018509254626906e+02 9.882061965606265375e+00
8.774527263631815686e+02 9.882062041835474986e+00
8.779036018009004465e+02 9.882062117869088169e+00
8.783544772386192108e+02 9.882062193707705333e+00
8.788053526763380887e+02 9.882062269351925110e+00
8.792562281140569667e+02 9.882062344802349685e+00
8.797071035517758446e+02 9.882062420059570584e+00
8.801579789894947226e+02 9.882062495124184665e+00
8.806088544272136005e+02 9.882062569996779899e+00
8.810597298649323648e+02 9.882062644677942487e+00
8.815106053026512427e+02 9.882062719168271059e+00
8.819614807403701207e+02 9.882062793468337603e+00
8.824123561780889986e+02 9.882062867578731868e+00
8.828632316158078766e+02 9.882062941500032949e+00
8.833141070535267545e+02 9.882063015232818159e+00
8.837649824912456324e+02 9.882063088777668369e+00
8.842158579289643967e+02 9.882063162135152012e+00
8.846667333666832747e+02 9.882063235305844628e+00
8.851176088044021526e+02 9.882063308290321757e+00
8.855684842421210305e+02 9.882063381089142950e+00
8.860193596798399085e+02 9.882063453702881972e+00
8.864702351175587864e+02 9.882063526132096598e+00
8.869211105552775507e+02 9.882063598377481384e+00
8.873719859929964286e+02 9.882066291940258651e+00
8.878228614307153066e+02 nan
8.882737368684341845e+02 nan
8.887246123061530625e+02 nan
8.891754877438719404e+02 nan
8.896263631815907047e+02 nan
8.900772386193095826e+02 nan
8.905281140570284606e+02 nan
8.909789894947473385e+02 nan
8.914298649324662165e+02 nan
8.918807403701850944e+02 nan
8.923316158079038587e+02 nan
8.927824912456227366e+02 nan
8.932333666833416146e+02 nan
8.936842421210604925e+02 nan
8.941351175587793705e+02 nan
8.945859929964982484e+02 nan
8.950368684342170127e+02 nan
8.954877438719358906e+02 nan
8.959386193096547686e+02 nan
8.963894947473736465e+02 nan
8.968403701850925245e+02 nan
8.972912456228114024e+02 nan
8.977421210605301667e+02 nan
8.981929964982490446e+02 nan
8.986438719359679226e+02 nan
8.990947473736868005e+02 nan
8.995456228114056785e+02 nan
8.999964982491245564e+02 nan
9.004473736868433207e+02 nan
9.008982491245621986e+02 nan
9.013491245622810766e+02 nan
9.017999999999999545e+02 nan
