5.000000000000000000e-01 4.365323896324314087e-04
9.508754377188594065e-01 1.578787340399435751e-03
1.401750875437718813e+00 3.430976137085498413e-03
1.852626313156578330e+00 5.993089550960477817e-03
2.303501750875437626e+00 9.265104311884077293e-03
2.754377188594296921e+00 1.324697297351524854e-02
3.205252626313156661e+00 1.793861097311683084e-02
3.656128064032015956e+00 2.333988089007520486e-02
4.107003501750875252e+00 2.945057391037448485e-02
4.557878939469734547e+00 3.627038850868707226e-02
5.008754377188593843e+00 4.379890636569434836e-02
5.459629814907453138e+00 5.203556554595438477e-02
5.910505252626313322e+00 6.097963097129736193e-02
6.361380690345172617e+00 7.063015323184264338e-02
6.812256128064031913e+00 8.092194439911222503e-02
7.263131565782891208e+00 9.195140765419125561e-02
7.714007003501750503e+00 1.036722319917784407e-01
8.164882441220608911e+00 1.160792169205466934e-01
8.615757878939469094e+00 1.291663848683052562e-01
9.066633316658329278e+00 1.429267223424104949e-01
9.517508754377187685e+00 1.573520791329965640e-01
9.968384192096047869e+00 1.724330676454098044e-01
1.041925962981490628e+01 1.881589637419329442e-01
1.087013506753376646e+01 2.045176106250851666e-01
1.132101050525262664e+01 2.214953274386608217e-01
1.177188594297148505e+01 2.390768243921922165e-01
1.222276138069034523e+01 2.572451263228335283e-01
1.267363681840920364e+01 2.759815066883994361e-01
1.312451225612806383e+01 2.952654340288323742e-01
1.357538769384692223e+01 3.150745329331131606e-01
1.402626313156578242e+01 3.353845614974323985e-01
1.447713856928464082e+01 3.561694071519810323e-01
1.492801400700350101e+01 3.774011025630782390e-01
1.537888944472236119e+01 3.990498630813795744e-01
1.582976488244121960e+01 4.210841469048334229e-01
1.628064032016008156e+01 4.434707387587341620e-01
1.673151575787893819e+01 4.661748574694382086e-01
1.718239119559779837e+01 4.891602873298078746e-01
1.763326663331665856e+01 5.123895326259596539e-01
1.808414207103551519e+01 5.358239940793737555e-01
1.853501750875437537e+01 5.594241649703591834e-01
1.898589294647323555e+01 5.831498416004958774e-01
1.943676838419209574e+01 6.069603272735427657e-01
1.988764382191095592e+01 6.308145217263093629e-01
2.033851925962981255e+01 6.546702868509126638e-01
2.078939469734867274e+01 6.784796089444755651e-01
2.124027013506753292e+01 7.021598340210936096e-01
2.169114557278639310e+01 7.254333113535418320e-01
2.214202101050525329e+01 7.470441295713504681e-01
2.259289644822410992e+01 7.628377065794255119e-01
2.304377188594297010e+01 7.724132261226774876e-01
2.349464732366183028e+01 7.904907981765745273e-01
2.394552276138069047e+01 8.218601655265729278e-01
2.439639819909954710e+01 8.653831744092902456e-01
2.484727363681840728e+01 9.171323189464700709e-01
2.529814907453726747e+01 9.675844343303392492e-01
2.574902451225612765e+01 1.010578903188706690e+00
2.619989994997498783e+01 1.047486205885937993e+00
2.665077538769384446e+01 1.082295172571632103e+00
2.710165082541270465e+01 1.117400775820944769e+00
2.755252626313156483e+01 1.151642106643775643e+00
2.800340170085042502e+01 1.176800624860203648e+00
2.845427713856928165e+01 1.155591100782264791e+00
2.890515257628814183e+01 9.926088490333152548e-01
2.935602801400700201e+01 8.021104736993002193e-01
2.980690345172586220e+01 7.611383127464316223e-01
3.025777888944472238e+01 7.938711271060132635e-01
3.070865432716357901e+01 8.531470581370040884e-01
3.115952976488243920e+01 9.201169425646101852e-01
3.161040520260129938e+01 9.726974559322227876e-01
3.206128064032016312e+01 9.907092732264980439e-01
3.251215607803901975e+01 9.787971320224913008e-01
3.296303151575787638e+01 9.631557146208130638e-01
3.341390695347674011e+01 9.614169142422008818e-01
3.386478239119559674e+01 9.729373493094868319e-01
3.431565782891445338e+01 9.867523972210601180e-01
3.476653326663331711e+01 9.870250856936750861e-01
3.521740870435217374e+01 9.655329174211645382e-01
3.566828414207103037e+01 9.347419941214155648e-01
3.611915957978989411e+01 9.161338513826257079e-01
3.657003501750875074e+01 9.264852391477629290e-01
3.702091045522761448e+01 9.767543252912134211e-01
3.747178589294647111e+01 1.068000666510187102e+00
3.792266133066532774e+01 1.184321674191691320e+00
3.837353676838419148e+01 1.297808113113300132e+00
3.882441220610304811e+01 1.381143045138861547e+00
3.927528764382191184e+01 1.401839332723002096e+00
3.972616308154076847e+01 1.299981904516665621e+00
4.017703851925962510e+01 1.069743163237449002e+00
4.062791395697848884e+01 8.797927060344336025e-01
4.107878939469734547e+01 8.008348635778863578e-01
4.152966483241620921e+01 7.792857258951670918e-01
4.198054027013506584e+01 7.815054291675327391e-01
4.243141570785392247e+01 8.110452493054332024e-01
4.288229114557278621e+01 9.069869244071170344e-01
4.333316658329164284e+01 1.054421384243166671e+00
4.378404202101050657e+01 1.126573722694574897e+00
4.423491745872936320e+01 1.119148174546106045e+00
4.468579289644821984e+01 1.068082918138144155e+00
4.513666833416708357e+01 9.912462052716881633e-01
4.558754377188594020e+01 9.132715871553794829e-01
4.603841920960479683e+01 8.581128855349068330e-01
4.648929464732366057e+01 8.352283398929729596e-01
4.694017008504251720e+01 8.437398974246870242e-01
4.739104552276138094e+01 8.787754942178744866e-01
4.784192096048023757e+01 9.265021049564805544e-01
4.829279639819909420e+01 9.528745142685431935e-01
4.874367183591795794e+01 9.429035628911807132e-01
4.919454727363681457e+01 9.492353824570205489e-01
4.964542271135567830e+01 1.025430224142427793e+00
5.009629814907453493e+01 1.194101612784347122e+00
5.054717358679339156e+01 1.381888189337992845e+00
5.099804902451225530e+01 1.412022591586071130e+00
5.144892446223111193e+01 1.281940297709455612e+00
5.189979989994997567e+01 1.134174393151093474e+00
5.235067533766883230e+01 1.036689759441885572e+00
5.280155077538768893e+01 9.836706726574755422e-01
5.325242621310655267e+01 9.544472857701279400e-01
5.370330165082540930e+01 9.388396274962111931e-01
5.415417708854426593e+01 9.415614992943152073e-01
5.460505252626312966e+01 9.806608926774472712e-01
5.505592796398198630e+01 1.062635716261514096e+00
5.550680340170085003e+01 1.147479531832361843e+00
5.595767883941970666e+01 1.199938687374864310e+00
5.640855427713856329e+01 1.226799945745419507e+00
5.685942971485742703e+01 1.241848400557044929e+00
5.731030515257628366e+01 1.247982689960443814e+00
5.776118059029514740e+01 1.241179699711093543e+00
5.821205602801400403e+01 1.220778024105410697e+00
5.866293146573286066e+01 1.192066722639426146e+00
5.911380690345172439e+01 1.161582906762816725e+00
5.956468234117058103e+01 1.134331637760901623e+00
6.001555777888944476e+01 1.111270552049534510e+00
6.046643321660830139e+01 1.089938223619157487e+00
6.091730865432715802e+01 1.070431574265630514e+00
6.136818409204602176e+01 1.054959006309802438e+00
6.181905952976487839e+01 1.045398519545353011e+00
6.226993496748374213e+01 1.042710077306208127e+00
6.272081040520259876e+01 1.046124111793985234e+00
6.317168584292145539e+01 1.052026058420576726e+00
6.362256128064031913e+01 1.057800979522402374e+00
6.407343671835917576e+01 1.068217203441493846e+00
6.452431215607803949e+01 1.096301727563500306e+00
6.497518759379688902e+01 1.150743760140875871e+00
6.542606303151575275e+01 1.194343350219792876e+00
6.587693846923461649e+01 1.175182810671178579e+00
6.632781390695348023e+01 1.100136294449534757e+00
6.677868934467232975e+01 1.013488852732262746e+00
6.722956478239119349e+01 9.580646259684600929e-01
6.768044022011005723e+01 9.427507467065012747e-01
6.813131565782890675e+01 9.558044993676316770e-01
6.858219109554777049e+01 9.866905743785774341e-01
6.903306653326663422e+01 1.027161192179552041e+00
6.948394197098548375e+01 1.063982590663278716e+00
6.993481740870434749e+01 1.081696052929904228e+00
7.038569284642321122e+01 1.080646037242879443e+00
7.083656828414206075e+01 1.082712265193227275e+00
7.128744372186092448e+01 1.113553097441681405e+00
7.173831915957978822e+01 1.170977757923389539e+00
7.218919459729865196e+01 1.216575744755072019e+00
7.264007003501750148e+01 1.226770669455923501e+00
7.309094547273636522e+01 1.207727348325934091e+00
7.354182091045522895e+01 1.169874937465025910e+00
7.399269634817407848e+01 1.122142441293977333e+00
7.444357178589294222e+01 1.078997545210191644e+00
7.489444722361180595e+01 1.054590567332483797e+00
7.534532266133065548e+01 1.047563306850044285e+00
7.579619809904951921e+01 1.044667438363382272e+00
7.624707353676838295e+01 1.036082424004173719e+00
7.669794897448724669e+01 1.023434737498883917e+00
7.714882441220609621e+01 1.012092045789656947e+00
7.759969984992495995e+01 1.003075829932384977e+00
7.805057528764382369e+01 9.948318701241252171e-01
7.850145072536267321e+01 9.860924098206307331e-01
7.895232616308153695e+01 9.754647137973990745e-01
7.940320160080040068e+01 9.605937184989443711e-01
7.985407703851925021e+01 9.402813332342601083e-01
8.030495247623811395e+01 9.223253200797455476e-01
8.075582791395697768e+01 9.256809347049106407e-01
8.120670335167582721e+01 9.532152804076179375e-01
8.165757878939469094e+01 9.832866107176349013e-01
8.210845422711355468e+01 1.000974464853112922e+00
8.255932966483241842e+01 1.008419833873453575e+00
8.301020510255126794e+01 1.011085085227167113e+00
8.346108054027013168e+01 1.005200057252209511e+00
8.391195597798899541e+01 9.843337901111947064e-01
8.436283141570784494e+01 9.545802906852151049e-01
8.481370685342670868e+01 9.292256631465251049e-01
8.526458229114557241e+01 9.168034380743553813e-01
8.571545772886442194e+01 9.179486400552504533e-01
8.616633316658328567e+01 9.241765804664789918e-01
8.661720860430214941e+01 9.234498953084655515e-01
8.706808404202101315e+01 9.088407583619895203e-01
8.751895947973986267e+01 8.780359903619834316e-01
8.796983491745872641e+01 8.337759456906956856e-01
8.842071035517759015e+01 7.923011005884268432e-01
8.887158579289643967e+01 7.750961735672547981e-01
8.932246123061530341e+01 7.829342689814746681e-01
8.977333666833416714e+01 7.971713476457896741e-01
9.022421210605301667e+01 7.985734204772938494e-01
9.067508754377188041e+01 7.812721177028240094e-01
9.112596298149074414e+01 7.545419458848477978e-01
9.157683841920959367e+01 7.361743540474403602e-01
9.202771385692845740e+01 7.397171334596286396e-01
9.247858929464732114e+01 7.587588113669744283e-01
9.292946473236618488e+01 7.778428220517991099e-01
9.338034017008503440e+01 7.927099456220507712e-01
9.383121560780389814e+01 8.086128406581505335e-01
9.428209104552276187e+01 8.315179444916674933e-01
9.473296648324161140e+01 8.583052558510281260e-01
9.518384192096047514e+01 8.777374184727658735e-01
9.563471735867933887e+01 8.851702319824716891e-01
9.608559279639818840e+01 8.821309937146188940e-01
9.653646823411705213e+01 8.696412418535851563e-01
9.698734367183591587e+01 8.486772416902850225e-01
9.743821910955476540e+01 8.244362663657125445e-01
9.788909454727362913e+01 8.085048747691385707e-01
9.833996998499249287e+01 8.119681895299138974e-01
9.879084542271135660e+01 8.317560819282648898e-01
9.924172086043020613e+01 8.506429792584317973e-01
9.969259629814906987e+01 8.564860901189569331e-01
1.001434717358679336e+02 8.504077438895174534e-01
1.005943471735867831e+02 8.401186131638027632e-01
1.010452226113056469e+02 8.322039356845306601e-01
1.014960980490245106e+02 8.286051133840535154e-01
1.019469734867433601e+02 8.294242425731664925e-01
1.023978489244622239e+02 8.367916730728049979e-01
1.028487243621810876e+02 8.543275514448765984e-01
1.032995997998999513e+02 8.797594481209553008e-01
1.037504752376188009e+02 9.001100936689786502e-01
1.042013506753376646e+02 9.061572914036452042e-01
1.046522261130565283e+02 9.003141102359730752e-01
1.051031015507753779e+02 8.871711704594561487e-01
1.055539769884942416e+02 8.707117155678905096e-01
1.060048524262131053e+02 8.573932371791243012e-01
1.064557278639319549e+02 8.563177162244196561e-01
1.069066033016508186e+02 8.733668772474029174e-01
1.073574787393696823e+02 9.027838644763195308e-01
1.078083541770885319e+02 9.290708061486303571e-01
1.082592296148073956e+02 9.459669203289782224e-01
1.087101050525262593e+02 9.610130556282092673e-01
1.091609804902451231e+02 9.794342696202947840e-01
1.096118559279639726e+02 9.973832053328632874e-01
1.100627313656828363e+02 1.007654430093634312e+00
1.105136068034017001e+02 1.007770675897412982e+00
1.109644822411205496e+02 1.001552014444999861e+00
1.114153576788394133e+02 9.945957004136520840e-01
1.118662331165582771e+02 9.912946586821127504e-01
1.123171085542771266e+02 9.952189587938844451e-01
1.127679839919959903e+02 1.007548076860814934e+00
1.132188594297148541e+02 1.019092256990071332e+00
1.136697348674337178e+02 1.014300195987578146e+00
1.141206103051525673e+02 9.980548941817809494e-01
1.145714857428714311e+02 9.889354624154924611e-01
1.150223611805902948e+02 9.973642223771848059e-01
1.154732366183091443e+02 1.021332012955189494e+00
1.159241120560280081e+02 1.047480586699855332e+00
1.163749874937468718e+02 1.060766625490708215e+00
1.168258629314657213e+02 1.056356127722401395e+00
1.172767383691845851e+02 1.038347770976305817e+00
1.177276138069034488e+02 1.011831712284549489e+00
1.181784892446222983e+02 9.793071964513810901e-01
1.186293646823411621e+02 9.424858711121733013e-01
1.190802401200600258e+02 9.045994934769007179e-01
1.195311155577788895e+02 8.700866938695691610e-01
1.199819909954977390e+02 8.447791612810173767e-01
1.204328664332166028e+02 8.400156003423691065e-01
1.208837418709354665e+02 8.732903259274709118e-01
1.213346173086543160e+02 9.366343171847406612e-01
1.217854927463731798e+02 9.844576678743158782e-01
1.222363681840920435e+02 1.002317629088584905e+00
1.226872436218108930e+02 1.002864913247702106e+00
1.231381190595297568e+02 9.943493962288058041e-01
1.235889944972486205e+02 9.797516881706328506e-01
1.240398699349674843e+02 9.622400926573287938e-01
1.244907453726863338e+02 9.445032225726306407e-01
1.249416208104051975e+02 9.270056396323931303e-01
1.253924962481240613e+02 9.090971248948374051e-01
1.258433716858429108e+02 8.907180450363876290e-01
1.262942471235617745e+02 8.755607035611411293e-01
1.267451225612806383e+02 8.726953500302905287e-01
1.271959979989994878e+02 8.849183951905792433e-01
1.276468734367183515e+02 9.035049524452379854e-01
1.280977488744372295e+02 9.196558857603204240e-01
1.285486243121560790e+02 9.290191999155258396e-01
1.289994997498749285e+02 9.320877135462982688e-01
1.294503751875937780e+02 9.331546846699382280e-01
1.299012506253126560e+02 9.389163601162814343e-01
1.303521260630315055e+02 9.560781208830573252e-01
1.308030015007503550e+02 9.844956032411404934e-01
1.312538769384692330e+02 1.014744436734765998e+00
1.317047523761880825e+02 1.037625623113575202e+00
1.321556278139069605e+02 1.048300134947175888e+00
1.326065032516258100e+02 1.045609136441966402e+00
1.330573786893446595e+02 1.038033264461345917e+00
1.335082541270635375e+02 1.042532772852327705e+00
1.339591295647823870e+02 1.059146252672147126e+00
1.344100050025012365e+02 1.061941309116746002e+00
1.348608804402201145e+02 1.040671455957493663e+00
1.353117558779389640e+02 1.021254190315793897e+00
1.357626313156578135e+02 1.019931705880437800e+00
1.362135067533766914e+02 1.029818476495127921e+00
1.366643821910955410e+02 1.041412339912264340e+00
1.371152576288143905e+02 1.050549382242550012e+00
1.375661330665332684e+02 1.056618479292025681e+00
1.380170085042521180e+02 1.059588586765401574e+00
1.384678839419709675e+02 1.057936276034005862e+00
1.389187593796898454e+02 1.048844376315769322e+00
1.393696348174086950e+02 1.031914659970583292e+00
1.398205102551275445e+02 1.012444747345896401e+00
1.402713856928464224e+02 9.980809635931682244e-01
1.407222611305652720e+02 9.934691446469813281e-01
1.411731365682841215e+02 9.991023368869677013e-01
1.416240120060029994e+02 1.009387829255590230e+00
1.420748874437218490e+02 1.012204744413101265e+00
1.425257628814407269e+02 1.001488566428607507e+00
1.429766383191595764e+02 9.824998621876517291e-01
1.434275137568784260e+02 9.624389013699522488e-01
1.438783891945973039e+02 9.458526260472243097e-01
1.443292646323161534e+02 9.346788136139899672e-01
1.447801400700350030e+02 9.308544143991748232e-01
1.452310155077538809e+02 9.370790086260252227e-01
1.456818909454727304e+02 9.538715074033152774e-01
1.461327663831915800e+02 9.776310565875405700e-01
1.465836418209104579e+02 1.001849100077570220e+00
1.470345172586293074e+02 1.022241533547853409e+00
1.474853926963481570e+02 1.039325396036440363e+00
1.479362681340670349e+02 1.055638785198805607e+00
1.483871435717858844e+02 1.071444265985741051e+00
1.488380190095047340e+02 1.077704803115569154e+00
1.492888944472236119e+02 1.048921158869320358e+00
1.497397698849424614e+02 9.689814781677910105e-01
1.501906453226613110e+02 8.836817900711192442e-01
1.506415207603801889e+02 8.433196307694755811e-01
1.510923961980990384e+02 8.441897980561252623e-01
1.515432716358178880e+02 8.677043587483365128e-01
1.519941470735367659e+02 9.033836814009320593e-01
1.524450225112556154e+02 9.471387683936925983e-01
1.528958979489744934e+02 9.955949761651352592e-01
1.533467733866933429e+02 1.040190457323689088e+00
1.537976488244121924e+02 1.065150573563248493e+00
1.542485242621310704e+02 1.058303807205172031e+00
1.546993996998499199e+02 1.031395376404800057e+00
1.551502751375687694e+02 1.015340632508753727e+00
1.556011505752876474e+02 1.026443076919962616e+00
1.560520260130064969e+02 1.057366766492461307e+00
1.565029014507253464e+02 1.092216092171384600e+00
1.569537768884442244e+02 1.118865705450738712e+00
1.574046523261630739e+02 1.134637597160127687e+00
1.578555277638819234e+02 1.141098834474471913e+00
1.583064032016008014e+02 1.137886115627324113e+00
1.587572786393196509e+02 1.128095970380760038e+00
1.592081540770385004e+02 1.120840825881684433e+00
1.596590295147573784e+02 1.125253614702661720e+00
1.601099049524762279e+02 1.145231182315809226e+00
1.605607803901950774e+02 1.177416827637163044e+00
1.610116558279139554e+02 1.209779195462230339e+00
1.614625312656328049e+02 1.227608256784358032e+00
1.619134067033516544e+02 1.229151260651761168e+00
1.623642821410705324e+02 1.221090953919040434e+00
1.628151575787893819e+02 1.200879069334514382e+00
1.632660330165082598e+02 1.163082338564848106e+00
1.637169084542271094e+02 1.115614805443994717e+00
1.641677838919459589e+02 1.077423873849690406e+00
1.646186593296648368e+02 1.062460387514756244e+00
1.650695347673836864e+02 1.070818264177064494e+00
1.655204102051025359e+02 1.092924272453941859e+00
1.659712856428214138e+02 1.119322403740028671e+00
1.664221610805402634e+02 1.144554714705521725e+00
1.668730365182591129e+02 1.162474915280452992e+00
1.673239119559779908e+02 1.167148126329854874e+00
1.677747873936968404e+02 1.158346641902079366e+00
1.682256628314156899e+02 1.139968543855385263e+00
1.686765382691345678e+02 1.120178042295676413e+00
1.691274137068534174e+02 1.108305012624498653e+00
1.695782891445722669e+02 1.104771384393076872e+00
1.700291645822911448e+02 1.101767523084513423e+00
1.704800400200099944e+02 1.091477412633389266e+00
1.709309154577288439e+02 1.072116316801339009e+00
1.713817908954477218e+02 1.051023383394725341e+00
1.718326663331665713e+02 1.038095403300064667e+00
1.722835417708854209e+02 1.037093983284875121e+00
1.727344172086042988e+02 1.046688437549563977e+00
1.731852926463231483e+02 1.063119119395057544e+00
1.736361680840420263e+02 1.078065244449602611e+00
1.740870435217608758e+02 1.078337590737760809e+00
1.745379189594797253e+02 1.056666007235732341e+00
1.749887943971986033e+02 1.025660741976428980e+00
1.754396698349174528e+02 1.009111169539031128e+00
1.758905452726363023e+02 1.013755646471825367e+00
1.763414207103551803e+02 1.029084291707574872e+00
1.767922961480740298e+02 1.044814449214629404e+00
1.772431715857928793e+02 1.055700654090206747e+00
1.776940470235117573e+02 1.060371965122629323e+00
1.781449224612306068e+02 1.062243811906970370e+00
1.785957978989494563e+02 1.069324675385669332e+00
1.790466733366683343e+02 1.083963157756784090e+00
1.794975487743871838e+02 1.100434818509832047e+00
1.799484242121060333e+02 1.114923161862522383e+00
1.803992996498249113e+02 1.126740540387725753e+00
1.808501750875437608e+02 1.137022906571358183e+00
1.813010505252626103e+02 1.148704754272443118e+00
1.817519259629814883e+02 1.165094718897270232e+00
1.822028014007003378e+02 1.185688485588890284e+00
1.826536768384191873e+02 1.204952958029237076e+00
1.831045522761380653e+02 1.217233226840385374e+00
1.835554277138569148e+02 1.220050939389580202e+00
1.840063031515757643e+02 1.214673591833054678e+00
1.844571785892946423e+02 1.205487103928114756e+00
1.849080540270134918e+02 1.196480896295573748e+00
1.853589294647323698e+02 1.187222718911878028e+00
1.858098049024512193e+02 1.172707378466504524e+00
1.862606803401700688e+02 1.151920461228623571e+00
1.867115557778889467e+02 1.133611991210352166e+00
1.871624312156077963e+02 1.123664536452490426e+00
1.876133066533266458e+02 1.120229553305952974e+00
1.880641820910455237e+02 1.118078813034829144e+00
1.885150575287643733e+02 1.112107107213227586e+00
1.889659329664832228e+02 1.103705294007258697e+00
1.894168084042021007e+02 1.105448409824524303e+00
1.898676838419209503e+02 1.132096070200079074e+00
1.903185592796397998e+02 1.180641754829549139e+00
1.907694347173586777e+02 1.220098679443548884e+00
1.912203101550775273e+02 1.225043547771049957e+00
1.916711855927963768e+02 1.208715192759205470e+00
1.921220610305152547e+02 1.192748599899780881e+00
1.925729364682341043e+02 1.185158360753626239e+00
1.930238119059529538e+02 1.185024623818158984e+00
1.934746873436718317e+02 1.187129914962315569e+00
1.939255627813906813e+02 1.183069902168380150e+00
1.943764382191095308e+02 1.166408405463810194e+00
1.948273136568284087e+02 1.146428701559180752e+00
1.952781890945472583e+02 1.138884464804314600e+00
1.957290645322661362e+02 1.142589089093749566e+00
1.961799399699849857e+02 1.148040259832457499e+00
1.966308154077038353e+02 1.143079411133317125e+00
1.970816908454227132e+02 1.108927041917366019e+00
1.975325662831415627e+02 1.050895383843176045e+00
1.979834417208604123e+02 1.014002066604362540e+00
1.984343171585792902e+02 1.004346894150433211e+00
1.988851925962981397e+02 1.008175296436921720e+00
1.993360680340169893e+02 1.020576104462870948e+00
1.997869434717358672e+02 1.039293226149494709e+00
2.002378189094547167e+02 1.056305157214571855e+00
2.006886943471735663e+02 1.064521537562486131e+00
2.011395697848924442e+02 1.066829506939626748e+00
2.015904452226112937e+02 1.068530757111264329e+00
2.020413206603301433e+02 1.071675478658252967e+00
2.024921960980490212e+02 1.074946131494911139e+00
2.029430715357678707e+02 1.075568523598251280e+00
2.033939469734867203e+02 1.072693158196594387e+00
2.038448224112055982e+02 1.066847659772453660e+00
2.042956978489244477e+02 1.057015506187383602e+00
2.047465732866432973e+02 1.042725746316776947e+00
2.051974487243621752e+02 1.032527183046703989e+00
2.056483241620810247e+02 1.035631748803143681e+00
2.060991995997999027e+02 1.047440877700972495e+00
2.065500750375187522e+02 1.062116667085371446e+00
2.070009504752376017e+02 1.078979631243655479e+00
2.074518259129564797e+02 1.100991114039830077e+00
2.079027013506753292e+02 1.131779317461303114e+00
2.083535767883941787e+02 1.168827411779545189e+00
2.088044522261130567e+02 1.198457915040505029e+00
2.092553276638319062e+02 1.208974206173630828e+00
2.097062031015507557e+02 1.206137288019232923e+00
2.101570785392696337e+02 1.201363082984461483e+00
2.106079539769884832e+02 1.198613436910405117e+00
2.110588294147073327e+02 1.196283189405983105e+00
2.115097048524262107e+02 1.189338821964462278e+00
2.119605802901450602e+02 1.165580983511074864e+00
2.124114557278639097e+02 1.117749695812092714e+00
2.128623311655827877e+02 1.076621748825835612e+00
2.133132066033016372e+02 1.053272251037757901e+00
2.137640820410204867e+02 1.033547194053391793e+00
2.142149574787393647e+02 1.013042462661665866e+00
2.146658329164582142e+02 9.964314198534692801e-01
2.151167083541770637e+02 9.903533156139461280e-01
2.155675837918959417e+02 9.985454817547542161e-01
2.160184592296147912e+02 1.021470173790021585e+00
2.164693346673336691e+02 1.055675594423982400e+00
2.169202101050525187e+02 1.087720369428611278e+00
2.173710855427713682e+02 1.096207004708359634e+00
2.178219609804902461e+02 1.076376313545967189e+00
2.182728364182090957e+02 1.043580360207522206e+00
2.187237118559279452e+02 1.011681849328273541e+00
2.191745872936468231e+02 9.891626819639319779e-01
2.196254627313656727e+02 9.990932426092180574e-01
2.200763381690845222e+02 1.082949389211022906e+00
2.205272136068034001e+02 1.136636128482116925e+00
2.209780890445222497e+02 1.133616266460759414e+00
2.214289644822410992e+02 1.120158972906311723e+00
2.218798399199599771e+02 1.108833492542834476e+00
2.223307153576788266e+02 1.103910137354257692e+00
2.227815907953976762e+02 1.108538586872698239e+00
2.232324662331165541e+02 1.124723740443226649e+00
2.236833416708354036e+02 1.151901925432022855e+00
2.241342171085542532e+02 1.185703977278852683e+00
2.245850925462731311e+02 1.220876911842060153e+00
2.250359679839919806e+02 1.257472175649168467e+00
2.254868434217108302e+02 1.298080452059097389e+00
2.259377188594297081e+02 1.341950375477131585e+00
2.263885942971485576e+02 1.383169256267998026e+00
2.268394697348674356e+02 1.405516791005262611e+00
2.272903451725862851e+02 1.387150826444058183e+00
2.277412206103051346e+02 1.332530725477258926e+00
2.281920960480240126e+02 1.273673970389897603e+00
2.286429714857428621e+02 1.234169318095430068e+00
2.290938469234617116e+02 1.223056596178454747e+00
2.295447223611805896e+02 1.243811842278823798e+00
2.299955977988994391e+02 1.293737845812307219e+00
2.304464732366182886e+02 1.351736432687046907e+00
2.308973486743371666e+02 1.376680367706777597e+00
2.313482241120560161e+02 1.352170063069911832e+00
2.317990995497748656e+02 1.308724003949135684e+00
2.322499749874937436e+02 1.279175882287176602e+00
2.327008504252125931e+02 1.280497625113554916e+00
2.331517258629314426e+02 1.300878674618451525e+00
2.336026013006503206e+02 1.313406838584550984e+00
2.340534767383691701e+02 1.316313511687444038e+00
2.345043521760880196e+02 1.312609797628421449e+00
2.349552276138068976e+02 1.301890938536737652e+00
2.354061030515257471e+02 1.284020265217941992e+00
2.358569784892445966e+02 1.261419875732402440e+00
2.363078539269634746e+02 1.239603009678088563e+00
2.367587293646823241e+02 1.228032696862561890e+00
2.372096048024012021e+02 1.231348031086760830e+00
2.376604802401200516e+02 1.236869513684746513e+00
2.381113556778389011e+02 1.238319524878155109e+00
2.385622311155577790e+02 1.239023198161081751e+00
2.390131065532766286e+02 1.241966975400836892e+00
2.394639819909954781e+02 1.248811234415086791e+00
2.399148574287143560e+02 1.260157860946038433e+00
2.403657328664332056e+02 1.272541277631295209e+00
2.408166083041520551e+02 1.272196061335412187e+00
2.412674837418709330e+02 1.251159664191713983e+00
2.417183591795897826e+02 1.224089826284658677e+00
2.421692346173086321e+02 1.205176118653689565e+00
2.426201100550275100e+02 1.199793458159092552e+00
2.430709854927463596e+02 1.207157740247748245e+00
2.435218609304652091e+02 1.224904401826592881e+00
2.439727363681840870e+02 1.252473381376354666e+00
2.444236118059029366e+02 1.290168726058269266e+00
2.448744872436217861e+02 1.335746981185501836e+00
2.453253626813406640e+02 1.383527755018043370e+00
2.457762381190595136e+02 1.425218502626272477e+00
2.462271135567783631e+02 1.447568212032221746e+00
2.466779889944972410e+02 1.441989317600562481e+00
2.471288644322160906e+02 1.422694174923746058e+00
2.475797398699349685e+02 1.408140226218001390e+00
2.480306153076538180e+02 1.404629246884866012e+00
2.484814907453726676e+02 1.412521876189471337e+00
2.489323661830915455e+02 1.429775223863253952e+00
2.493832416208103950e+02 1.449153040181470287e+00
2.498341170585292446e+02 1.460184110856150408e+00
2.502849924962481225e+02 1.464627812934758744e+00
2.507358679339669720e+02 1.477288188715594863e+00
2.511867433716858216e+02 1.507110701336420666e+00
2.516376188094046995e+02 1.548102016770056988e+00
2.520884942471235490e+02 1.586736505195292191e+00
2.525393696848423986e+02 1.616420494273988595e+00
2.529902451225612765e+02 1.639837762720047554e+00
2.534411205602801260e+02 1.661884370845061243e+00
2.538919959979989756e+02 1.684481567349882747e+00
2.543428714357178535e+02 1.698886488520263915e+00
2.547937468734367030e+02 1.650069591330333596e+00
2.552446223111555526e+02 1.509885163166361011e+00
2.556954977488744305e+02 1.445272217408638316e+00
2.561463731865932800e+02 1.431337671955063451e+00
2.565972486243121580e+02 1.424180842081721243e+00
2.570481240620309791e+02 1.413818906638015793e+00
2.574989994997498570e+02 1.396861761728565465e+00
2.579498749374687350e+02 1.371566888626503999e+00
2.584007503751875561e+02 1.338806852844590223e+00
2.588516258129064340e+02 1.303859243796716694e+00
2.593025012506253120e+02 1.277517980551222232e+00
2.597533766883441331e+02 1.267814854169939442e+00
2.602042521260630110e+02 1.268085782582491605e+00
2.606551275637818890e+02 1.271418774120923523e+00
2.611060030015007101e+02 1.279134467477398340e+00
2.615568784392195880e+02 1.297288127917610945e+00
2.620077538769384660e+02 1.333998379218529706e+00
2.624586293146572871e+02 1.392237835874973850e+00
2.629095047523761650e+02 1.458976078168213508e+00
2.633603801900950430e+02 1.510521111675587447e+00
2.638112556278139209e+02 1.530794417783317041e+00
2.642621310655327420e+02 1.513687217085747827e+00
2.647130065032516200e+02 1.459544648294531788e+00
2.651638819409704979e+02 1.386816180608430926e+00
2.656147573786893190e+02 1.335054474723783358e+00
2.660656328164081970e+02 1.321898782238760450e+00
2.665165082541270749e+02 1.327696387863265937e+00
2.669673836918458960e+02 1.331310561369296597e+00
2.674182591295647740e+02 1.325228687532187921e+00
2.678691345672836519e+02 1.312321812337453153e+00
2.683200100050024730e+02 1.303411358238068640e+00
2.687708854427213510e+02 1.308045236643335940e+00
2.692217608804402289e+02 1.313262961273746310e+00
2.696726363181590500e+02 1.304848421328345776e+00
2.701235117558779280e+02 1.294282368591353372e+00
2.705743871935968059e+02 1.303870100133206034e+00
2.710252626313156270e+02 1.346907144158101755e+00
2.714761380690345050e+02 1.415708263930276489e+00
2.719270135067533829e+02 1.481708335790104192e+00
2.723778889444722040e+02 1.510496792354018014e+00
2.728287643821910819e+02 1.497016913510020863e+00
2.732796398199099599e+02 1.480609184690673041e+00
2.737305152576287810e+02 1.506679204336128786e+00
2.741813906953476589e+02 1.576763774253300943e+00
2.746322661330665369e+02 1.641347396780689749e+00
2.750831415707853580e+02 1.668267935331812613e+00
2.755340170085042359e+02 1.670325083600031180e+00
2.759848924462231139e+02 1.667040218774766602e+00
2.764357678839419350e+02 1.665868981907563384e+00
2.768866433216608129e+02 1.665406398417504930e+00
2.773375187593796909e+02 1.662381955050873383e+00
2.777883941970985120e+02 1.655392734673063915e+00
2.782392696348173899e+02 1.643553865017588711e+00
2.786901450725362679e+02 1.622600754606429385e+00
2.791410205102550890e+02 1.586284153018566734e+00
2.795918959479739669e+02 1.541598839471070903e+00
2.800427713856928449e+02 1.503176075434245806e+00
2.804936468234116660e+02 1.469017174871665832e+00
2.809445222611305439e+02 1.432714136695457219e+00
2.813953976988494219e+02 1.397805431503152063e+00
2.818462731365682430e+02 1.378485836585759072e+00
2.822971485742871209e+02 1.392199344600774547e+00
2.827480240120059989e+02 1.444250521550154431e+00
2.831988994497248200e+02 1.516806721877975273e+00
2.836497748874436979e+02 1.586401540905183705e+00
2.841006503251625759e+02 1.641132159579999028e+00
2.845515257628814538e+02 1.667880802729635237e+00
2.850024012006002749e+02 1.648495163887104598e+00
2.854532766383191529e+02 1.591411869826052428e+00
2.859041520760380308e+02 1.529959284770800343e+00
2.863550275137568519e+02 1.483480071703329406e+00
2.868059029514757299e+02 1.453229449735971679e+00
2.872567783891946078e+02 1.435148556546769649e+00
2.877076538269134289e+02 1.426551382534905654e+00
2.881585292646323069e+02 1.430074539098840969e+00
2.886094047023511848e+02 1.458194443169966936e+00
2.890602801400700059e+02 1.510589068590200146e+00
2.895111555777888839e+02 1.550702474385383223e+00
2.899620310155077618e+02 1.574744102272504831e+00
2.904129064532265829e+02 1.596754468751921507e+00
2.908637818909454609e+02 1.621784749349669097e+00
2.913146573286643388e+02 1.646378577064523840e+00
2.917655327663831599e+02 1.658273984150929303e+00
2.922164082041020379e+02 1.640941720226331002e+00
2.926672836418209158e+02 1.588113994648677085e+00
2.931181590795397369e+02 1.512845580106087384e+00
2.935690345172586149e+02 1.440959889102028324e+00
2.940199099549774928e+02 1.400146385430270035e+00
2.944707853926963139e+02 1.399620385149506818e+00
2.949216608304151919e+02 1.421258930590984626e+00
2.953725362681340698e+02 1.445834812219033649e+00
2.958234117058528909e+02 1.464379766476467948e+00
2.962742871435717689e+02 1.473285005108165624e+00
2.967251625812906468e+02 1.471564887820512757e+00
2.971760380190094679e+02 1.461359808829624907e+00
2.976269134567283459e+02 1.448487020093289557e+00
2.980777888944472238e+02 1.440530202881024513e+00
2.985286643321660449e+02 1.448577990019060957e+00
2.989795397698849229e+02 1.492359291910099417e+00
2.994304152076038008e+02 1.590106984181942629e+00
2.998812906453226219e+02 1.720378420434031330e+00
3.003321660830414999e+02 1.822311357157645473e+00
3.007830415207603778e+02 1.851056477428392855e+00
3.012339169584791989e+02 1.785015738787198325e+00
3.016847923961980769e+02 1.637251132216454019e+00
3.021356678339169548e+02 1.492976312203371236e+00
3.025865432716357759e+02 1.431692686686412364e+00
3.030374187093546539e+02 1.449476303272164479e+00
3.034882941470735318e+02 1.506522622450719773e+00
3.039391695847923529e+02 1.571664007091162274e+00
3.043900450225112309e+02 1.631168829053388114e+00
3.048409204602301088e+02 1.681161415253840996e+00
3.052917958979489867e+02 1.715079844237242357e+00
3.057426713356678079e+02 1.717974548721754813e+00
3.061935467733866858e+02 1.677148277661561826e+00
3.066444222111055637e+02 1.596229136988581709e+00
3.070952976488243849e+02 1.491396975440318018e+00
3.075461730865432628e+02 1.386340589612490515e+00
3.079970485242621407e+02 1.306728170310935022e+00
3.084479239619809618e+02 1.266769968227014154e+00
3.088987993996998398e+02 1.275227664633872937e+00
3.093496748374187177e+02 1.337961325162228432e+00
3.098005502751375388e+02 1.415056723593387966e+00
3.102514257128564168e+02 1.461565460239927505e+00
3.107023011505752947e+02 1.485647956198000275e+00
3.111531765882941158e+02 1.501185298338747476e+00
3.116040520260129938e+02 1.510679237834021471e+00
3.120549274637318717e+02 1.514317547970304156e+00
3.125058029014506928e+02 1.517173347070559730e+00
3.129566783391695708e+02 1.526243690355790550e+00
3.134075537768884487e+02 1.544773898008509505e+00
3.138584292146072698e+02 1.573055057412781732e+00
3.143093046523261478e+02 1.615623730001541913e+00
3.147601800900450257e+02 1.693808497927504098e+00
3.152110555277638468e+02 1.849813354951094446e+00
3.156619309654827248e+02 2.070473650757497897e+00
3.161128064032016027e+02 2.190052495606840122e+00
3.165636818409204238e+02 2.082151690888137008e+00
3.170145572786393018e+02 1.821679587891307239e+00
3.174654327163581797e+02 1.600277798030532939e+00
3.179163081540770008e+02 1.498181713804032533e+00
3.183671835917958788e+02 1.467900701448479062e+00
3.188180590295147567e+02 1.462139047879930542e+00
3.192689344672335778e+02 1.466877728842875817e+00
3.197198099049524558e+02 1.489452427684381908e+00
3.201706853426713337e+02 1.543371837558435322e+00
3.206215607803901548e+02 1.634238614269185152e+00
3.210724362181090328e+02 1.752610601996791528e+00
3.215233116558279107e+02 1.877415768738319946e+00
3.219741870935467318e+02 1.974517876014296291e+00
3.224250625312656098e+02 1.974538206946072183e+00
3.228759379689844877e+02 1.840532557843117312e+00
3.233268134067033088e+02 1.698001280057447993e+00
3.237776888444221868e+02 1.614413553557577874e+00
3.242285642821410647e+02 1.567487147828472871e+00
3.246794397198598858e+02 1.542268467737431648e+00
3.251303151575787638e+02 1.535063238007566389e+00
3.255811905952976417e+02 1.539983048283506628e+00
3.260320660330165197e+02 1.548014626133975113e+00
3.264829414707353408e+02 1.551885820351352141e+00
3.269338169084542187e+02 1.545519926137361777e+00
3.273846923461730967e+02 1.525156890779622687e+00
3.278355677838919178e+02 1.500822112834684585e+00
3.282864432216107957e+02 1.492973687578819320e+00
3.287373186593296737e+02 1.506775741864860851e+00
3.291881940970484948e+02 1.533916313538390419e+00
3.296390695347673727e+02 1.567653233175335448e+00
3.300899449724862507e+02 1.606527965795037982e+00
3.305408204102050718e+02 1.653240937887259898e+00
3.309916958479239497e+02 1.711187150309504190e+00
3.314425712856428277e+02 1.778604822736489455e+00
3.318934467233616488e+02 1.848780038207997745e+00
3.323443221610805267e+02 1.915181408933071872e+00
3.327951975987994047e+02 1.969459052666401089e+00
3.332460730365182258e+02 1.989284145797654224e+00
3.336969484742371037e+02 1.942477739770772871e+00
3.341478239119559817e+02 1.852497748260294674e+00
3.345986993496748028e+02 1.771663876269494509e+00
3.350495747873936807e+02 1.710519471927973711e+00
3.355004502251125587e+02 1.662317952830402401e+00
3.359513256628313798e+02 1.621209640824189169e+00
3.364022011005502577e+02 1.584946447379933288e+00
3.368530765382691357e+02 1.558516278593074622e+00
3.373039519759879568e+02 1.551826495037598397e+00
3.377548274137068347e+02 1.565911748346670684e+00
3.382057028514257127e+02 1.593806451715622297e+00
3.386565782891445338e+02 1.628032300101810437e+00
3.391074537268634117e+02 1.659250200948170662e+00
3.395583291645822896e+02 1.678476507392538064e+00
3.400092046023011108e+02 1.684521922398857452e+00
3.404600800400199887e+02 1.683307844223116190e+00
3.409109554777388666e+02 1.682459770192430204e+00
3.413618309154576878e+02 1.690085169277432131e+00
3.418127063531765657e+02 1.708738412751049651e+00
3.422635817908954436e+02 1.718383211137905819e+00
3.427144572286142647e+02 1.692053009480291692e+00
3.431653326663331427e+02 1.633961206229392449e+00
3.436162081040520206e+02 1.576639918444880495e+00
3.440670835417708417e+02 1.550625081801664251e+00
3.445179589794897197e+02 1.557718737561032185e+00
3.449688344172085976e+02 1.579901082346471419e+00
3.454197098549274187e+02 1.600097744089941099e+00
3.458705852926462967e+02 1.610637858085134599e+00
3.463214607303651746e+02 1.611597679154712859e+00
3.467723361680840526e+02 1.606604554117453620e+00
3.472232116058028737e+02 1.603339178837025036e+00
3.476740870435217516e+02 1.638515232401972277e+00
3.481249624812406296e+02 1.833554046554876527e+00
3.485758379189594507e+02 2.035755620276421762e+00
3.490267133566783286e+02 2.058981862638329829e+00
3.494775887943972066e+02 2.030667308469273014e+00
3.499284642321160277e+02 1.992640521513512786e+00
3.503793396698349056e+02 1.953272138696420024e+00
3.508302151075537836e+02 1.922651672062367867e+00
3.512810905452726047e+02 1.923297447485724954e+00
3.517319659829914826e+02 1.978884952777487216e+00
3.521828414207103606e+02 2.067787892680092110e+00
3.526337168584291817e+02 2.127506233188978690e+00
3.530845922961480596e+02 2.122646793934506615e+00
3.535354677338669376e+02 2.057477499647275554e+00
3.539863431715857587e+02 1.955644062285869955e+00
3.544372186093046366e+02 1.843613551945075590e+00
3.548880940470235146e+02 1.733441248368154053e+00
3.553389694847423357e+02 1.621744924378398123e+00
3.557898449224612136e+02 1.513163959189147034e+00
3.562407203601800916e+02 1.431778869870417248e+00
3.566915957978989127e+02 1.407010583179713503e+00
3.571424712356177906e+02 1.487126048481912655e+00
3.575933466733366686e+02 1.722177671101749574e+00
3.580442221110554897e+02 1.949378122289614934e+00
3.584950975487743676e+02 1.987620297042149931e+00
3.589459729864932456e+02 1.923382784196721929e+00
3.593968484242120667e+02 1.848067107288557054e+00
3.598477238619309446e+02 1.808429492534261218e+00
3.602985992996498226e+02 1.838046921074024231e+00
3.607494747373686437e+02 1.926138349566558272e+00
3.612003501750875216e+02 1.969002143006731265e+00
3.616512256128063996e+02 1.904153521469506671e+00
3.621021010505252207e+02 1.800855332759585536e+00
3.625529764882440986e+02 1.720723967549953048e+00
3.630038519259629766e+02 1.673196032385432463e+00
3.634547273636817977e+02 1.649155431067743427e+00
3.639056028014006756e+02 1.638137810376650405e+00
3.643564782391195536e+02 1.629055664923510616e+00
3.648073536768383747e+02 1.609057025173268096e+00
3.652582291145572526e+02 1.574076946618722550e+00
3.657091045522761306e+02 1.542117715408936274e+00
3.661599799899949517e+02 1.530557528446656379e+00
3.666108554277138296e+02 1.536638302718172033e+00
3.670617308654327076e+02 1.548274479913871238e+00
3.675126063031515287e+02 1.552741935417308206e+00
3.679634817408704066e+02 1.542095379510900921e+00
3.684143571785892846e+02 1.519879918151655351e+00
3.688652326163081625e+02 1.504450390314070019e+00
3.693161080540269836e+02 1.516809289807743433e+00
3.697669834917458616e+02 1.548960953072358926e+00
3.702178589294647395e+02 1.575412733423793732e+00
3.706687343671835606e+02 1.589479186495794227e+00
3.711196098049024386e+02 1.597555119799611179e+00
3.715704852426213165e+02 1.619290372560312496e+00
3.720213606803401376e+02 1.760676946917467456e+00
3.724722361180590156e+02 2.096388389352597859e+00
3.729231115557778935e+02 2.197127058760446783e+00
3.733739869934967146e+02 2.152234555434243468e+00
3.738248624312155926e+02 2.070101109167159059e+00
3.742757378689344705e+02 1.967143995925256350e+00
3.747266133066532916e+02 1.854602840166232669e+00
3.751774887443721695e+02 1.752222046381709752e+00
3.756283641820910475e+02 1.682274538971163746e+00
3.760792396198098686e+02 1.654976156558279232e+00
3.765301150575287465e+02 1.660750123139983936e+00
3.769809904952476245e+02 1.676364508117714758e+00
3.774318659329664456e+02 1.678166273725906876e+00
3.778827413706853235e+02 1.657878705093436933e+00
3.783336168084042015e+02 1.629438608928645005e+00
3.787844922461230226e+02 1.617722859153660542e+00
3.792353676838419005e+02 1.646860904522652547e+00
3.796862431215607785e+02 1.733948052867363421e+00
3.801371185592795996e+02 1.861835045554470325e+00
3.805879939969984775e+02 1.969731691307289090e+00
3.810388694347173555e+02 2.022479058177911071e+00
3.814897448724361766e+02 2.024355918792722697e+00
3.819406203101550545e+02 1.977882843062191975e+00
3.823914957478739325e+02 1.887335342404995231e+00
3.828423711855927536e+02 1.777859584966455131e+00
3.832932466233116315e+02 1.685906899571130380e+00
3.837441220610305095e+02 1.639411159263632456e+00
3.841949974987493306e+02 1.652840713342803580e+00
3.846458729364682085e+02 1.729260160654402689e+00
3.850967483741870865e+02 1.858310610241167948e+00
3.855476238119059076e+02 2.002774490058150558e+00
3.859984992496247855e+02 2.070329480519056631e+00
3.864493746873436635e+02 1.986507025088205758e+00
3.869002501250624846e+02 1.851932744296083122e+00
3.873511255627813625e+02 1.756710670627344983e+00
3.878020010005002405e+02 1.696909935164687910e+00
3.882528764382190616e+02 1.655644990597799460e+00
3.887037518759379395e+02 1.625709039446051829e+00
3.891546273136568175e+02 1.611298177038036128e+00
3.896055027513756954e+02 1.635716676576773443e+00
3.900563781890945165e+02 1.715799011593597490e+00
3.905072536268133945e+02 1.781616179653019660e+00
3.909581290645322724e+02 1.785446226236686140e+00
3.914090045022510935e+02 1.752239593439173237e+00
3.918598799399699715e+02 1.703807204847652690e+00
3.923107553776888494e+02 1.650295823670802964e+00
3.927616308154076705e+02 1.596760323188686215e+00
3.932125062531265485e+02 1.548190110608715253e+00
3.936633816908454264e+02 1.520700393890295654e+00
3.941142571285642475e+02 1.533069906023019291e+00
3.945651325662831255e+02 1.576925711565583033e+00
3.950160080040020034e+02 1.641219209776375809e+00
3.954668834417208245e+02 1.714440163871495226e+00
3.959177588794397025e+02 1.773596492726505769e+00
3.963686343171585804e+02 1.799980130939838219e+00
3.968195097548774015e+02 1.789717495703407879e+00
3.972703851925962795e+02 1.745141865778153667e+00
3.977212606303151574e+02 1.671399884103793365e+00
3.981721360680339785e+02 1.585048875724349493e+00
3.986230115057528565e+02 1.519758621895635153e+00
3.990738869434717344e+02 1.517104012640019040e+00
3.995247623811905555e+02 1.582632720778974766e+00
3.999756378189094335e+02 1.642335582604982358e+00
4.004265132566283114e+02 1.657460743509431289e+00
4.008773886943471325e+02 1.664266506005518620e+00
4.013282641320660105e+02 1.699001193259046305e+00
4.017791395697848884e+02 1.769212016781811947e+00
4.022300150075037095e+02 1.853347414914067626e+00
4.026808904452225875e+02 1.915817065311007816e+00
4.031317658829414654e+02 1.936596383010527278e+00
4.035826413206602865e+02 1.932712274286861653e+00
4.040335167583791645e+02 1.945353342975338240e+00
4.044843921960980424e+02 2.001414940690845690e+00
4.049352676338168635e+02 2.075110429246032062e+00
4.053861430715357415e+02 2.100704352938580488e+00
4.058370185092546194e+02 2.047514573102076518e+00
4.062878939469734405e+02 1.952028127788763001e+00
4.067387693846923185e+02 1.867912125545622359e+00
4.071896448224111964e+02 1.814845813028896693e+00
4.076405202601300175e+02 1.779562226283538662e+00
4.080913956978488955e+02 1.750384502526376007e+00
4.085422711355677734e+02 1.728344016634794533e+00
4.089931465732865945e+02 1.713444418564358029e+00
4.094440220110054725e+02 1.701470371861803166e+00
4.098948974487243504e+02 1.688682933409999753e+00
4.103457728864432283e+02 1.672984337860736082e+00
4.107966483241620494e+02 1.652956559077012333e+00
4.112475237618809274e+02 1.627820617083556520e+00
4.116983991995998053e+02 1.597240291574814286e+00
4.121492746373186264e+02 1.561401777056031337e+00
4.126001500750375044e+02 1.522668986533567415e+00
4.130510255127563823e+02 1.487345467436910207e+00
4.135019009504752034e+02 1.463784787773664053e+00
4.139527763881940814e+02 1.465899415913346271e+00
4.144036518259129593e+02 1.554995936682779467e+00
4.148545272636317804e+02 1.811588961279862353e+00
4.153054027013506584e+02 1.997371343241767017e+00
4.157562781390695363e+02 2.041830912623433303e+00
4.162071535767883574e+02 2.043604723637043374e+00
4.166580290145072354e+02 2.023318831375849669e+00
4.171089044522261133e+02 1.962548619696949048e+00
4.175597798899449344e+02 1.852633284009369774e+00
4.180106553276638124e+02 1.733844247108273562e+00
4.184615307653826903e+02 1.637876826455169299e+00
4.189124062031015114e+02 1.568139113220972991e+00
4.193632816408203894e+02 1.525874356350325201e+00
4.198141570785392673e+02 1.510004370763833315e+00
4.202650325162580884e+02 1.512589334696794019e+00
4.207159079539769664e+02 1.522927813107042949e+00
4.211667833916958443e+02 1.532780362951167374e+00
4.216176588294146654e+02 1.538631380396416892e+00
4.220685342671335434e+02 1.543731632072362636e+00
4.225194097048524213e+02 1.558118848875799545e+00
4.229702851425712424e+02 1.592797603846190402e+00
4.234211605802901204e+02 1.656294440026406800e+00
4.238720360180089983e+02 1.748809129310940014e+00
4.243229114557278194e+02 1.830605194642807687e+00
4.247737868934466974e+02 1.832610213084542972e+00
4.252246623311655753e+02 1.764684950437050315e+00
4.256755377688843964e+02 1.682310276502990254e+00
4.261264132066032744e+02 1.609336179775577635e+00
4.265772886443221523e+02 1.547540917486445622e+00
4.270281640820409734e+02 1.495529130914632798e+00
4.274790395197598514e+02 1.459524952928084485e+00
4.279299149574787293e+02 1.461254917693842081e+00
4.283807903951975504e+02 1.495888916309426664e+00
4.288316658329164284e+02 1.524602752955436014e+00
4.292825412706353063e+02 1.540518308101006539e+00
4.297334167083541274e+02 1.547603314804556263e+00
4.301842921460730054e+02 1.547933570522290081e+00
4.306351675837918833e+02 1.546796554096884879e+00
4.310860430215107613e+02 1.560029934335256163e+00
4.315369184592295824e+02 1.612615900239704025e+00
4.319877938969484603e+02 1.706212690631011997e+00
4.324386693346673383e+02 1.790265562034620173e+00
4.328895447723861594e+02 1.822273600772249313e+00
4.333404202101050373e+02 1.810922972064377134e+00
4.337912956478239153e+02 1.774831935146056416e+00
4.342421710855427364e+02 1.711251412191085786e+00
4.346930465232616143e+02 1.612738220428771241e+00
4.351439219609804923e+02 1.520054536877788021e+00
4.355947973986993134e+02 1.472941626858759845e+00
4.360456728364181913e+02 1.463690508335096840e+00
4.364965482741370693e+02 1.478962418401253531e+00
4.369474237118558904e+02 1.508998069723181290e+00
4.373982991495747683e+02 1.542187597293342316e+00
4.378491745872936463e+02 1.568098288626484482e+00
4.383000500250124674e+02 1.582632663201266388e+00
4.387509254627313453e+02 1.588243825523741659e+00
4.392018009004502233e+02 1.597826581208513952e+00
4.396526763381690444e+02 1.648601103823578606e+00
4.401035517758879223e+02 1.702314961880799338e+00
4.405544272136068003e+02 1.716663994000216187e+00
4.410053026513256214e+02 1.718242012474657798e+00
4.414561780890444993e+02 1.714321107349517037e+00
4.419070535267633772e+02 1.704234915989812915e+00
4.423579289644821984e+02 1.685413310877358795e+00
4.428088044022010763e+02 1.654239921129043500e+00
4.432596798399199542e+02 1.607209024443118084e+00
4.437105552776387754e+02 1.546014519581302427e+00
4.441614307153576533e+02 1.486913530095961500e+00
4.446123061530765312e+02 1.449818728886522079e+00
4.450631815907953523e+02 1.429429846154078199e+00
4.455140570285142303e+02 1.412565062297679086e+00
4.459649324662331082e+02 1.401009669078739028e+00
4.464158079039519293e+02 1.402773722202035556e+00
4.468666833416708073e+02 1.417113923089503569e+00
4.473175587793896852e+02 1.430434042324811417e+00
4.477684342171085063e+02 1.424053606884472245e+00
4.482193096548273843e+02 1.389049053963443692e+00
4.486701850925462622e+02 1.333863212993870784e+00
4.491210605302650833e+02 1.276595538165622434e+00
4.495719359679839613e+02 1.241397593766221608e+00
4.500228114057028392e+02 1.274726927379919772e+00
4.504736868434216603e+02 1.373071023608728458e+00
4.509245622811405383e+02 1.418680887481289732e+00
4.513754377188594162e+02 1.412990661015002924e+00
4.518263131565782942e+02 1.390678774289276332e+00
4.522771885942971153e+02 1.365434271191151572e+00
4.527280640320159932e+02 1.352262453640991291e+00
4.531789394697348712e+02 1.379624412807546330e+00
4.536298149074536923e+02 1.471991599556948582e+00
4.540806903451725702e+02 1.604253644740831986e+00
4.545315657828914482e+02 1.717800907060519355e+00
4.549824412206102693e+02 1.788347443419221916e+00
4.554333166583291472e+02 1.828661218014592915e+00
4.558841920960480252e+02 1.856756033130527728e+00
4.563350675337668463e+02 1.878742134970195599e+00
4.567859429714857242e+02 1.884967050463510541e+00
4.572368184092046022e+02 1.852312601467488662e+00
4.576876938469234233e+02 1.757593853863284039e+00
4.581385692846423012e+02 1.615480476700166923e+00
4.585894447223611792e+02 1.489590757912262919e+00
4.590403201600800003e+02 1.432397232919462526e+00
4.594911955977988782e+02 1.444835396145474293e+00
4.599420710355177562e+02 1.492127768679616384e+00
4.603929464732365773e+02 1.539463719172810219e+00
4.608438219109554552e+02 1.570671092484951625e+00
4.612946973486743332e+02 1.581219541710853882e+00
4.617455727863931543e+02 1.569575926515764497e+00
4.621964482241120322e+02 1.543635904846323736e+00
4.626473236618309102e+02 1.528650574722642652e+00
4.630981990995497313e+02 1.541728815247916495e+00
4.635490745372686092e+02 1.566632416345911993e+00
4.639999499749874872e+02 1.580448636073499280e+00
4.644508254127063083e+02 1.578258422658078253e+00
4.649017008504251862e+02 1.569708209585164216e+00
4.653525762881440642e+02 1.566396085155606910e+00
4.658034517258628853e+02 1.573678057109835882e+00
4.662543271635817632e+02 1.595557232086718846e+00
4.667052026013006412e+02 1.642309248966691504e+00
4.671560780390194623e+02 1.719320456652193796e+00
4.676069534767383402e+02 1.792219106076353707e+00
4.680578289144572182e+02 1.811689904103212845e+00
4.685087043521760393e+02 1.774000928868231464e+00
4.689595797898949172e+02 1.694253948693644984e+00
4.694104552276137952e+02 1.583544850697963025e+00
4.698613306653326163e+02 1.467663746578786288e+00
4.703122061030514942e+02 1.382687983372885343e+00
4.707630815407703722e+02 1.338059365192782346e+00
4.712139569784891933e+02 1.331495403759880958e+00
4.716648324162080712e+02 1.381803282984072956e+00
4.721157078539269492e+02 1.520539406977820862e+00
4.725665832916457703e+02 1.693885159052195277e+00
4.730174587293646482e+02 1.763420417552176378e+00
4.734683341670835262e+02 1.722875767637996214e+00
4.739192096048024041e+02 1.651201474588089857e+00
4.743700850425212252e+02 1.603167130675626550e+00
4.748209604802401032e+02 1.592209055390056083e+00
4.752718359179589811e+02 1.598490391580002612e+00
4.757227113556778022e+02 1.596310475069237178e+00
4.761735867933966802e+02 1.572294276439927474e+00
4.766244622311155581e+02 1.523959424517138617e+00
4.770753376688343792e+02 1.458116476916011095e+00
4.775262131065532571e+02 1.392976323784341330e+00
4.779770885442721351e+02 1.355271057417532399e+00
4.784279639819909562e+02 1.380818173991489983e+00
4.788788394197098341e+02 1.501257560848284989e+00
4.793297148574287121e+02 1.652886013171963819e+00
4.797805902951475332e+02 1.707185963984196864e+00
4.802314657328664111e+02 1.659468498488928523e+00
4.806823411705852891e+02 1.565455659692896573e+00
4.811332166083041102e+02 1.465416867068722206e+00
4.815840920460229881e+02 1.388766045085224832e+00
4.820349674837418661e+02 1.360614592764955999e+00
4.824858429214606872e+02 1.389029024332310236e+00
4.829367183591795651e+02 1.444224678041455379e+00
4.833875937968984431e+02 1.492703473000224212e+00
4.838384692346172642e+02 1.529049411437163775e+00
4.842893446723361421e+02 1.558918851118607174e+00
4.847402201100550201e+02 1.587461761097518576e+00
4.851910955477738412e+02 1.621017795198436362e+00
4.856419709854927191e+02 1.670512794301966863e+00
4.860928464232115971e+02 1.728604124442350232e+00
4.865437218609304182e+02 1.746926438979957918e+00
4.869945972986492961e+02 1.724339627907067962e+00
4.874454727363681741e+02 1.693219995188321336e+00
4.878963481740869952e+02 1.670261684045472483e+00
4.883472236118058731e+02 1.663583039613314440e+00
4.887980990495247511e+02 1.679898884155062611e+00
4.892489744872435722e+02 1.724072754135919316e+00
4.896998499249624501e+02 1.792327103639967500e+00
4.901507253626813281e+02 1.866915957026030082e+00
4.906016008004001492e+02 1.926955436662382670e+00
4.910524762381190271e+02 1.966202174503277833e+00
4.915033516758379051e+02 1.997637805316073711e+00
4.919542271135567262e+02 2.052009219716549371e+00
4.924051025512756041e+02 2.126541633983450197e+00
4.928559779889944821e+02 2.163258289060838280e+00
4.933068534267133032e+02 2.167047990410191360e+00
4.937577288644321811e+02 2.144739626658062281e+00
4.942086043021510591e+02 2.069892202646354207e+00
4.946594797398699370e+02 1.895658916148124096e+00
4.951103551775887581e+02 1.643907941757729807e+00
4.955612306153076361e+02 1.453137958454203016e+00
4.960121060530265140e+02 1.383078237566423452e+00
4.964629814907453351e+02 1.391061683434364538e+00
4.969138569284642131e+02 1.436977357285093682e+00
4.973647323661830910e+02 1.492466110392572265e+00
4.978156078039019121e+02 1.528475967636925947e+00
4.982664832416207901e+02 1.538281518741171583e+00
4.987173586793396680e+02 1.543429659648843932e+00
4.991682341170584891e+02 1.556538693986743160e+00
4.996191095547773671e+02 1.569066361994467806e+00
5.000699849924962450e+02 1.567460150038849864e+00
5.005208604302150661e+02 1.547000713356653678e+00
5.009717358679339441e+02 1.511341729320287985e+00
5.014226113056528220e+02 1.464661092682599142e+00
5.018734867433716431e+02 1.413571817042156731e+00
5.023243621810905211e+02 1.385011070851726922e+00
5.027752376188093990e+02 1.415936303552059350e+00
5.032261130565282201e+02 1.503569085546732520e+00
5.036769884942470981e+02 1.593174875498625687e+00
5.041278639319659760e+02 1.625843103522897515e+00
5.045787393696847971e+02 1.585987866841334082e+00
5.050296148074036751e+02 1.496348218783226436e+00
5.054804902451225530e+02 1.398603383775642861e+00
5.059313656828413741e+02 1.332035318210453401e+00
5.063822411205602521e+02 1.305340812460141109e+00
5.068331165582791300e+02 1.300074830522800040e+00
5.072839919959979511e+02 1.297926534804598742e+00
5.077348674337168291e+02 1.293616307910729901e+00
5.081857428714357070e+02 1.296604736961004312e+00
5.086366183091545281e+02 1.328700028341390782e+00
5.090874937468734061e+02 1.403046422614773858e+00
5.095383691845922840e+02 1.491699469208692896e+00
5.099892446223111051e+02 1.550739788265374175e+00
5.104401200600299831e+02 1.566736890573730223e+00
5.108909954977488610e+02 1.548986767543944376e+00
5.113418709354676821e+02 1.518495722677769333e+00
5.117927463731865600e+02 1.506165867771472211e+00
5.122436218109054380e+02 1.532288589395507161e+00
5.126944972486243159e+02 1.585213058387949570e+00
5.131453726863431939e+02 1.623558234033874337e+00
5.135962481240619582e+02 1.604222551459280277e+00
5.140471235617808361e+02 1.520561727974774735e+00
5.144979989994997140e+02 1.409052802078869959e+00
5.149488744372185920e+02 1.314115824970480517e+00
5.153997498749374699e+02 1.260002259612386988e+00
5.158506253126563479e+02 1.270268324417818784e+00
5.163015007503751121e+02 1.387757327274472097e+00
5.167523761880939901e+02 1.528883161329989360e+00
5.172032516258128680e+02 1.560977699501265858e+00
5.176541270635317460e+02 1.529670687145049168e+00
5.181050025012506239e+02 1.479491528521070354e+00
5.185558779389695019e+02 1.426932842362544918e+00
5.190067533766882661e+02 1.384815051434789890e+00
5.194576288144071441e+02 1.364695301920244797e+00
5.199085042521260220e+02 1.370155158755273384e+00
5.203593796898449000e+02 1.393467912111205687e+00
5.208102551275637779e+02 1.418209506701054723e+00
5.212611305652826559e+02 1.429335505531495132e+00
5.217120060030014201e+02 1.424800966951084158e+00
5.221628814407202981e+02 1.412869518757711829e+00
5.226137568784391760e+02 1.399739130229272988e+00
5.230646323161580540e+02 1.382792900727654484e+00
5.235155077538769319e+02 1.361826355967289404e+00
5.239663831915958099e+02 1.361054253659557345e+00
5.244172586293145741e+02 1.399954410365433111e+00
5.248681340670334521e+02 1.461475330062075084e+00
5.253190095047523300e+02 1.523405605160459197e+00
5.257698849424712080e+02 1.577932103996096291e+00
5.262207603801900859e+02 1.625206317056436145e+00
5.266716358179089639e+02 1.658951286785722123e+00
5.271225112556278418e+02 1.662237420247978603e+00
5.275733866933466061e+02 1.631657529508941495e+00
5.280242621310654840e+02 1.590248893017881304e+00
5.284751375687843620e+02 1.564303342859744372e+00
5.289260130065032399e+02 1.573687225290328673e+00
5.293768884442221179e+02 1.626976024671683119e+00
5.298277638819409958e+02 1.677262333074638789e+00
5.302786393196597601e+02 1.631020118785458495e+00
5.307295147573786380e+02 1.507201846126777323e+00
5.311803901950975160e+02 1.405681830350871131e+00
5.316312656328163939e+02 1.363420397394934591e+00
5.320821410705352719e+02 1.364074725968388746e+00
5.325330165082541498e+02 1.386174787312166146e+00
5.329838919459729141e+02 1.418989527656736138e+00
5.334347673836917920e+02 1.461093557621822026e+00
5.338856428214106700e+02 1.511486004126818772e+00
5.343365182591295479e+02 1.550929171456740807e+00
5.347873936968484259e+02 1.537652251763515610e+00
5.352382691345673038e+02 1.487794839797377033e+00
5.356891445722860681e+02 1.463662121829989005e+00
5.361400200100049460e+02 1.470519280196756817e+00
5.365908954477238240e+02 1.489034919570249693e+00
5.370417708854427019e+02 1.504817402231044765e+00
5.374926463231615799e+02 1.511688292507412434e+00
5.379435217608804578e+02 1.512101977444068268e+00
5.383943971985992221e+02 1.513690241348236931e+00
5.388452726363181000e+02 1.524656305999821271e+00
5.392961480740369780e+02 1.551265257625412453e+00
5.397470235117558559e+02 1.594019872972741503e+00
5.401978989494747339e+02 1.643950930860036408e+00
5.406487743871936118e+02 1.682512022344754943e+00
5.410996498249123761e+02 1.678137287430376601e+00
5.415505252626312540e+02 1.639438516646986699e+00
5.420014007003501320e+02 1.617168270502165051e+00
5.424522761380690099e+02 1.613572151625556783e+00
5.429031515757878879e+02 1.622017648354172614e+00
5.433540270135067658e+02 1.637241541029238467e+00
5.438049024512255301e+02 1.650191276392816153e+00
5.442557778889444080e+02 1.651896506887559291e+00
5.447066533266632860e+02 1.641244324032362645e+00
5.451575287643821639e+02 1.621342736328846845e+00
5.456084042021010418e+02 1.590151836042909217e+00
5.460592796398199198e+02 1.543818349044854488e+00
5.465101550775387977e+02 1.496415849847287705e+00
5.469610305152575620e+02 1.472367712767713721e+00
5.474119059529764399e+02 1.470472086624726726e+00
5.478627813906953179e+02 1.468296701080258782e+00
5.483136568284141958e+02 1.430094268290603488e+00
5.487645322661330738e+02 1.334717164224930697e+00
5.492154077038519517e+02 1.250812781262081508e+00
5.496662831415707160e+02 1.236048018441779250e+00
5.501171585792895939e+02 1.274383098596550523e+00
5.505680340170084719e+02 1.333737547514050048e+00
5.510189094547273498e+02 1.378189373671251827e+00
5.514697848924462278e+02 1.395405433480706003e+00
5.519206603301651057e+02 1.400741308595670365e+00
5.523715357678838700e+02 1.415451376991487376e+00
5.528224112056027479e+02 1.456113641096530298e+00
5.532732866433216259e+02 1.521057246663923168e+00
5.537241620810405038e+02 1.575500579978829085e+00
5.541750375187593818e+02 1.587864599133643084e+00
5.546259129564782597e+02 1.564207887343032288e+00
5.550767883941970240e+02 1.517757690422277816e+00
5.555276638319159019e+02 1.458820918369615693e+00
5.559785392696347799e+02 1.406112440583967116e+00
5.564294147073536578e+02 1.379706665030882240e+00
5.568802901450725358e+02 1.384567108683531167e+00
5.573311655827914137e+02 1.405496720184998605e+00
5.577820410205101780e+02 1.417235418175539108e+00
5.582329164582290559e+02 1.405746266220104124e+00
5.586837918959479339e+02 1.376289469581312597e+00
5.591346673336668118e+02 1.342950803002302518e+00
5.595855427713856898e+02 1.320118458465434852e+00
5.600364182091045677e+02 1.321805184579205594e+00
5.604872936468233320e+02 1.361375297047513033e+00
5.609381690845422099e+02 1.431793859186818674e+00
5.613890445222610879e+02 1.491812627283000792e+00
5.618399199599799658e+02 1.513851268312113696e+00
5.622907953976988438e+02 1.503453977139580733e+00
5.627416708354177217e+02 1.481048893556462076e+00
5.631925462731364860e+02 1.468878947407601165e+00
5.636434217108553639e+02 1.480437658640288534e+00
5.640942971485742419e+02 1.522846238889354442e+00
5.645451725862931198e+02 1.595789677392590811e+00
5.649960480240119978e+02 1.672480302354319770e+00
5.654469234617308757e+02 1.693034300806183889e+00
5.658977988994496400e+02 1.642846644348671337e+00
5.663486743371685179e+02 1.578789078449133854e+00
5.667995497748873959e+02 1.533213223899273281e+00
5.672504252126062738e+02 1.503059308300815466e+00
5.677013006503251518e+02 1.474797046820302437e+00
5.681521760880440297e+02 1.418677647878174186e+00
5.686030515257629077e+02 1.308199907971573150e+00
5.690539269634816719e+02 1.242565558459144626e+00
5.695048024012005499e+02 1.250467042266941053e+00
5.699556778389194278e+02 1.289460804490298429e+00
5.704065532766383058e+02 1.349286116384566192e+00
5.708574287143571837e+02 1.430111772879635978e+00
5.713083041520760617e+02 1.529121951062075269e+00
5.717591795897948259e+02 1.635324533034350880e+00
5.722100550275137039e+02 1.730312770732820526e+00
5.726609304652325818e+02 1.798699954927142963e+00
5.731118059029514598e+02 1.838986103654505655e+00
5.735626813406703377e+02 1.860064912836236761e+00
5.740135567783892157e+02 1.871539179028909317e+00
5.744644322161079799e+02 1.880042395929885313e+00
5.749153076538268579e+02 1.886271297926332968e+00
5.753661830915457358e+02 1.886208767165527656e+00
5.758170585292646138e+02 1.881152759933941043e+00
5.762679339669834917e+02 1.868982193401644398e+00
5.767188094047023696e+02 1.837489164894702043e+00
5.771696848424211339e+02 1.760219024139357158e+00
5.776205602801400119e+02 1.626027594891085171e+00
5.780714357178588898e+02 1.510064492242818135e+00
5.785223111555777677e+02 1.477369262740257927e+00
5.789731865932966457e+02 1.492399269021913666e+00
5.794240620310155236e+02 1.509366260964237538e+00
5.798749374687342879e+02 1.507815134989567207e+00
5.803258129064531659e+02 1.491543541513146609e+00
5.807766883441720438e+02 1.479752135409327485e+00
5.812275637818909217e+02 1.487082664341654814e+00
5.816784392196097997e+02 1.514306615893863839e+00
5.821293146573286776e+02 1.554204392195321693e+00
5.825801900950474419e+02 1.596514309541871901e+00
5.830310655327663198e+02 1.615323279478928065e+00
5.834819409704851978e+02 1.508899657177127152e+00
5.839328164082040757e+02 1.287833753905932577e+00
5.843836918459229537e+02 1.205854006654793142e+00
5.848345672836418316e+02 1.197070087702170049e+00
5.852854427213605959e+02 1.209370460560286409e+00
5.857363181590794738e+02 1.246452464926040449e+00
5.861871935967983518e+02 1.330419612399428519e+00
5.866380690345172297e+02 1.457937320647736845e+00
5.870889444722361077e+02 1.550240858298910229e+00
5.875398199099549856e+02 1.563294916961578407e+00
5.879906953476737499e+02 1.535821687332173502e+00
5.884415707853926278e+02 1.501380656842088213e+00
5.888924462231115058e+02 1.472335087832646217e+00
5.893433216608303837e+02 1.454178671987895743e+00
5.897941970985492617e+02 1.452248241721078470e+00
5.902450725362681396e+02 1.471851554201448087e+00
5.906959479739870176e+02 1.519686303354176760e+00
5.911468234117057818e+02 1.611593011606220927e+00
5.915976988494246598e+02 1.740955545365887591e+00
5.920485742871435377e+02 1.829787841001413451e+00
5.924994497248624157e+02 1.861531151470148915e+00
5.929503251625812936e+02 1.868234261582710332e+00
5.934012006003001716e+02 1.859162641442277719e+00
5.938520760380189358e+02 1.822946562855415342e+00
5.943029514757378138e+02 1.743159171097824478e+00
5.947538269134566917e+02 1.628052679196199781e+00
5.952047023511755697e+02 1.508764165255758183e+00
5.956555777888944476e+02 1.408077732228366852e+00
5.961064532266133256e+02 1.336992357914986496e+00
5.965573286643320898e+02 1.304945973655471825e+00
5.970082041020509678e+02 1.318088827916840788e+00
5.974590795397698457e+02 1.353233468171771037e+00
5.979099549774887237e+02 1.382651772076580077e+00
5.983608304152076016e+02 1.413466267186843650e+00
5.988117058529264796e+02 1.461364361560217429e+00
5.992625812906452438e+02 1.523924746537575148e+00
5.997134567283641218e+02 1.566833545126924188e+00
6.001643321660829997e+02 1.557327635496149165e+00
6.006152076038018777e+02 1.505012816342597315e+00
6.010660830415207556e+02 1.437293843955420147e+00
6.015169584792396336e+02 1.373959047225391084e+00
6.019678339169583978e+02 1.333309885610261869e+00
6.024187093546772758e+02 1.343977293232849979e+00
6.028695847923961537e+02 1.392496355252160756e+00
6.033204602301150317e+02 1.401946511349103419e+00
6.037713356678339096e+02 1.374488612048986980e+00
6.042222111055527876e+02 1.338978012780010829e+00
6.046730865432715518e+02 1.306442393740804286e+00
6.051239619809904298e+02 1.280057864212687413e+00
6.055748374187093077e+02 1.261591174759285172e+00
6.060257128564281857e+02 1.252462275510592749e+00
6.064765882941470636e+02 1.251555347338579205e+00
6.069274637318659416e+02 1.255028342782550155e+00
6.073783391695847058e+02 1.259556307658301399e+00
6.078292146073035838e+02 1.263680196829376490e+00
6.082800900450224617e+02 1.267067602750610256e+00
6.087309654827413397e+02 1.270089957870012221e+00
6.091818409204602176e+02 1.276534077384629651e+00
6.096327163581790956e+02 1.297563479060206193e+00
6.100835917958979735e+02 1.310379463152675505e+00
6.105344672336167378e+02 1.313912676880276242e+00
6.109853426713356157e+02 1.318220264624819116e+00
6.114362181090544937e+02 1.326027742212985139e+00
6.118870935467733716e+02 1.338868490180006976e+00
6.123379689844922495e+02 1.356650443395716943e+00
6.127888444222111275e+02 1.377317815985203087e+00
6.132397198599298918e+02 1.399581171912276378e+00
6.136905952976487697e+02 1.425569289080031332e+00
6.141414707353676476e+02 1.459006878792071582e+00
6.145923461730865256e+02 1.499184279101741568e+00
6.150432216108054035e+02 1.535969866668877248e+00
6.154940970485242815e+02 1.549452818436442669e+00
6.159449724862430458e+02 1.501377896210572160e+00
6.163958479239619237e+02 1.375941137038100948e+00
6.168467233616808016e+02 1.282996214053185646e+00
6.172975987993996796e+02 1.257349727113415305e+00
6.177484742371185575e+02 1.256971698522705072e+00
6.181993496748374355e+02 1.262671239499207232e+00
6.186502251125561997e+02 1.269638798196762730e+00
6.191011005502750777e+02 1.276717161324125049e+00
6.195519759879939556e+02 1.283539539778754790e+00
6.200028514257128336e+02 1.289943746969590688e+00
6.204537268634317115e+02 1.296251206997506067e+00
6.209046023011505895e+02 1.311770214557001824e+00
6.213554777388693537e+02 1.457881892883168717e+00
6.218063531765882317e+02 1.678792951775928577e+00
6.222572286143071096e+02 1.704498868553977253e+00
6.227081040520259876e+02 1.705743064016109978e+00
6.231589794897448655e+02 1.705834172262076676e+00
6.236098549274637435e+02 1.705986140446358101e+00
6.240607303651825077e+02 1.706620726020393164e+00
6.245116058029013857e+02 1.709292936512175620e+00
6.249624812406202636e+02 1.720117346195376706e+00
6.254133566783391416e+02 1.757532339883062233e+00
6.258642321160580195e+02 1.837117800965675896e+00
6.263151075537768975e+02 1.905656239685415532e+00
6.267659829914956617e+02 1.923020085622451969e+00
6.272168584292145397e+02 1.907849689888244438e+00
6.276677338669334176e+02 1.868388959050363951e+00
6.281186093046522956e+02 1.802363025102380334e+00
6.285694847423711735e+02 1.718084841893954495e+00
6.290203601800900515e+02 1.640698458077786137e+00
6.294712356178088157e+02 1.594284296008457558e+00
6.299221110555276937e+02 1.590092436335318604e+00
6.303729864932465716e+02 1.627011523022284356e+00
6.308238619309654496e+02 1.685828671296345949e+00
6.312747373686843275e+02 1.732704736656072608e+00
6.317256128064032055e+02 1.747533991779830709e+00
6.321764882441220834e+02 1.733317060633866369e+00
6.326273636818408477e+02 1.693264318623689091e+00
6.330782391195597256e+02 1.613458334381834725e+00
6.335291145572786036e+02 1.494961168965604381e+00
6.339799899949974815e+02 1.403509365693482058e+00
6.344308654327163595e+02 1.370093385070832781e+00
6.348817408704352374e+02 1.374122117283112177e+00
6.353326163081540017e+02 1.405107631333770035e+00
6.357834917458728796e+02 1.464200248080465006e+00
6.362343671835917576e+02 1.549661809329666351e+00
6.366852426213106355e+02 1.647666341648430288e+00
6.371361180590295135e+02 1.737628414431359625e+00
6.375869934967483914e+02 1.806241271141682203e+00
6.380378689344671557e+02 1.852202855491272393e+00
6.384887443721860336e+02 1.880679403799898841e+00
6.389396198099049116e+02 1.897720007461943803e+00
6.393904952476237895e+02 1.910100147184701891e+00
6.398413706853426675e+02 1.942359401247630624e+00
6.402922461230615454e+02 1.968547336322250541e+00
6.407431215607803097e+02 1.969786536917673692e+00
6.411939969984991876e+02 1.966533560883070963e+00
6.416448724362180656e+02 1.958095708483583941e+00
6.420957478739369435e+02 1.940219622083799278e+00
6.425466233116558215e+02 1.906650936823577336e+00
6.429974987493746994e+02 1.850919636462646345e+00
6.434483741870934637e+02 1.771505031599775792e+00
6.438992496248123416e+02 1.677705615673589890e+00
6.443501250625312196e+02 1.587554085062939713e+00
6.448010005002500975e+02 1.517253335265518865e+00
6.452518759379689754e+02 1.475637055057187563e+00
6.457027513756878534e+02 1.467747158571430788e+00
6.461536268134066177e+02 1.493820322111113041e+00
6.466045022511254956e+02 1.536361203755996607e+00
6.470553776888443736e+02 1.560900726647268977e+00
6.475062531265632515e+02 1.542061325958903995e+00
6.479571285642821294e+02 1.496579660768689646e+00
6.484080040020010074e+02 1.460992809838665307e+00
6.488588794397197717e+02 1.440939717674921239e+00
6.493097548774386496e+02 1.431554107438036239e+00
6.497606303151575275e+02 1.433446732698643089e+00
6.502115057528764055e+02 1.451180016093021052e+00
6.506623811905952834e+02 1.487669566284081979e+00
6.511132566283141614e+02 1.537968998583202351e+00
6.515641320660330393e+02 1.589066391557336644e+00
6.520150075037518036e+02 1.623050642268882626e+00
6.524658829414706815e+02 1.591640870372759808e+00
6.529167583791895595e+02 1.393307484080336778e+00
6.533676338169084374e+02 1.197632136045030604e+00
6.538185092546273154e+02 1.145622076835360659e+00
6.542693846923461933e+02 1.144713500200753575e+00
6.547202601300649576e+02 1.166396330108431467e+00
6.551711355677838355e+02 1.225725303031149460e+00
6.556220110055027135e+02 1.357296519717128280e+00
6.560728864432215914e+02 1.569083238886382903e+00
6.565237618809404694e+02 1.773633870808925872e+00
6.569746373186593473e+02 1.855805871037388588e+00
6.574255127563781116e+02 1.762904881366036181e+00
6.578763881940969895e+02 1.537819527415479337e+00
6.583272636318158675e+02 1.352076330903947410e+00
6.587781390695347454e+02 1.274971081214966384e+00
6.592290145072536234e+02 1.258350915327343778e+00
6.596798899449725013e+02 1.265867336849448632e+00
6.601307653826912656e+02 1.284849537513345297e+00
6.605816408204101435e+02 1.310567250028995545e+00
6.610325162581290215e+02 1.341006264700844941e+00
6.614833916958478994e+02 1.382953950869158399e+00
6.619342671335667774e+02 1.456536138596483010e+00
6.623851425712856553e+02 1.557845429255070746e+00
6.628360180090044196e+02 1.632116792433951247e+00
6.632868934467232975e+02 1.663606978044109619e+00
6.637377688844421755e+02 1.673806774627660143e+00
6.641886443221610534e+02 1.676802945890819352e+00
6.646395197598799314e+02 1.677356318544191760e+00
6.650903951975988093e+02 1.673086473996486134e+00
6.655412706353175736e+02 1.617416519145853382e+00
6.659921460730364515e+02 1.381978660238336598e+00
6.664430215107553295e+02 1.278129615702610966e+00
6.668938969484742074e+02 1.274260957355513701e+00
6.673447723861930854e+02 1.280302429598789926e+00
6.677956478239119633e+02 1.287189199316786548e+00
6.682465232616307276e+02 1.294283981812720752e+00
6.686973986993496055e+02 1.301606534255070668e+00
6.691482741370684835e+02 1.309615085592571893e+00
6.695991495747873614e+02 1.320771656546584794e+00
6.700500250125062394e+02 1.344090421418815628e+00
6.705009004502251173e+02 1.385879770681097023e+00
6.709517758879438816e+02 1.424952011129344331e+00
6.714026513256627595e+02 1.456972645946626788e+00
6.718535267633816375e+02 1.490083498280975194e+00
6.723044022011005154e+02 1.524493074679304838e+00
6.727552776388193934e+02 1.552371970816274205e+00
6.732061530765382713e+02 1.560523440358767111e+00
6.736570285142571493e+02 1.538918117897643212e+00
6.741079039519759135e+02 1.495038158481365009e+00
6.745587793896947915e+02 1.451914426352107990e+00
6.750096548274136694e+02 1.424565618616139062e+00
6.754605302651325474e+02 1.416569841498367621e+00
6.759114057028514253e+02 1.438280564505107550e+00
6.763622811405703033e+02 1.510588247609692569e+00
6.768131565782890675e+02 1.598285467201378651e+00
6.772640320160079455e+02 1.623370624242240767e+00
6.777149074537268234e+02 1.594592497702107092e+00
6.781657828914457014e+02 1.551389755218751443e+00
6.786166583291645793e+02 1.518962551355205859e+00
6.790675337668834572e+02 1.503781713652989849e+00
6.795184092046022215e+02 1.501046661857611042e+00
6.799692846423210995e+02 1.503649951704249199e+00
6.804201600800399774e+02 1.503126798247824025e+00
6.808710355177588553e+02 1.486758651017443977e+00
6.813219109554777333e+02 1.449089174554266002e+00
6.817727863931966112e+02 1.407950417288156508e+00
6.822236618309153755e+02 1.374979809509099260e+00
6.826745372686342535e+02 1.344960388692125308e+00
6.831254127063531314e+02 1.313022941570611835e+00
6.835762881440720093e+02 1.286770416490468305e+00
6.840271635817908873e+02 1.278329559712582775e+00
6.844780390195097652e+02 1.285900660173361354e+00
6.849289144572285295e+02 1.306370411417074884e+00
6.853797898949474074e+02 1.350569791271445164e+00
6.858306653326662854e+02 1.443902142441076064e+00
6.862815407703851633e+02 1.579628811955598344e+00
6.867324162081040413e+02 1.681817038666458153e+00
6.871832916458229192e+02 1.723257828797139624e+00
6.876341670835416835e+02 1.727592302739046293e+00
6.880850425212605614e+02 1.697510546816068500e+00
6.885359179589794394e+02 1.614311979416802156e+00
6.889867933966983173e+02 1.501584220959153670e+00
6.894376688344171953e+02 1.428107833698172069e+00
6.898885442721360732e+02 1.401714755650381283e+00
6.903394197098548375e+02 1.398113881525077096e+00
6.907902951475737154e+02 1.403167129966277571e+00
6.912411705852925934e+02 1.411184781183609127e+00
6.916920460230114713e+02 1.418972672635202104e+00
6.921429214607303493e+02 1.420435729353286547e+00
6.925937968984492272e+02 1.394575595608163798e+00
6.930446723361681052e+02 1.329839314755717483e+00
6.934955477738868694e+02 1.289455900738926797e+00
6.939464232116057474e+02 1.278961952517107648e+00
6.943972986493246253e+02 1.275742517968996736e+00
6.948481740870435033e+02 1.271605410377875556e+00
6.952990495247623812e+02 1.264207753314607219e+00
6.957499249624812592e+02 1.260599669026492009e+00
6.962008004002000234e+02 1.272660146394413827e+00
6.966516758379189014e+02 1.298072617896347536e+00
6.971025512756377793e+02 1.330315845342368464e+00
6.975534267133566573e+02 1.365641090982919970e+00
6.980043021510755352e+02 1.400993092942636409e+00
6.984551775887944132e+02 1.433498839640527489e+00
6.989060530265131774e+02 1.461113383411398514e+00
6.993569284642320554e+02 1.483023123484935812e+00
6.998078039019509333e+02 1.499489846348148303e+00
7.002586793396698113e+02 1.511629008346456304e+00
7.007095547773886892e+02 1.525748138266028731e+00
7.011604302151075672e+02 1.558788323941309395e+00
7.016113056528263314e+02 1.571858653953649432e+00
7.020621810905452094e+02 1.581536847573739912e+00
7.025130565282640873e+02 1.595837726287213876e+00
7.029639319659829653e+02 1.616863251017862657e+00
7.034148074037018432e+02 1.645689975498935809e+00
7.038656828414207212e+02 1.680221721217899811e+00
7.043165582791394854e+02 1.711630963005746020e+00
7.047674337168583634e+02 1.724888552698216726e+00
7.052183091545772413e+02 1.710331976475866878e+00
7.056691845922961193e+02 1.674748113537029681e+00
7.061200600300149972e+02 1.633236111149697134e+00
7.065709354677338752e+02 1.595255567001701458e+00
7.070218109054526394e+02 1.560816503493516416e+00
7.074726863431715174e+02 1.519883702982674611e+00
7.079235617808903953e+02 1.454480662533700785e+00
7.083744372186092733e+02 1.379031169991763228e+00
7.088253126563281512e+02 1.345777938250515504e+00
7.092761880940470292e+02 1.350034900283364925e+00
7.097270635317657934e+02 1.366204725456561686e+00
7.101779389694846714e+02 1.382881627030233096e+00
7.106288144072035493e+02 1.396404703581479501e+00
7.110796898449224273e+02 1.405973905195113005e+00
7.115305652826413052e+02 1.412010469353563114e+00
7.119814407203601831e+02 1.414698172294099443e+00
7.124323161580789474e+02 1.410230469056353853e+00
7.128831915957978254e+02 1.388132137297274138e+00
7.133340670335167033e+02 1.363522604511049119e+00
7.137849424712355813e+02 1.356698424464193975e+00
7.142358179089544592e+02 1.357997875532235499e+00
7.146866933466733371e+02 1.361747548038347855e+00
7.151375687843922151e+02 1.366739947670539745e+00
7.155884442221109794e+02 1.372735036170849243e+00
7.160393196598298573e+02 1.379636606230324025e+00
7.164901950975487352e+02 1.387348127809530540e+00
7.169410705352676132e+02 1.395750162996074240e+00
7.173919459729864911e+02 1.404638208769266150e+00
7.178428214107053691e+02 1.411801914157639670e+00
7.182936968484241333e+02 1.392316600556855466e+00
7.187445722861430113e+02 1.370522424459288402e+00
7.191954477238618892e+02 1.367995447379278140e+00
7.196463231615807672e+02 1.367046049154319709e+00
7.200971985992996451e+02 1.366124003472347415e+00
7.205480740370185231e+02 1.365232329162608726e+00
7.209989494747372873e+02 1.364600499996191152e+00
7.214498249124561653e+02 1.364951445534439589e+00
7.219007003501750432e+02 1.368452739193958712e+00
7.223515757878939212e+02 1.380123688785190428e+00
7.228024512256127991e+02 1.403982377495199385e+00
7.232533266633316771e+02 1.432012791050646383e+00
7.237042021010504413e+02 1.455425579312131346e+00
7.241550775387693193e+02 1.475506722297832196e+00
7.246059529764881972e+02 1.494147155909794078e+00
7.250568284142070752e+02 1.510884534553666114e+00
7.255077038519259531e+02 1.524590247578631708e+00
7.259585792896448311e+02 1.534525348450848092e+00
7.264094547273635953e+02 1.539133812773801457e+00
7.268603301650824733e+02 1.521906920206212321e+00
7.273112056028013512e+02 1.414139551329953504e+00
7.277620810405202292e+02 1.308367808689151035e+00
7.282129564782391071e+02 1.273230384857108044e+00
7.286638319159579851e+02 1.251660636537641480e+00
7.291147073536767493e+02 1.232003595545517527e+00
7.295655827913956273e+02 1.215144658700802127e+00
7.300164582291145052e+02 1.207734854659112900e+00
7.304673336668333832e+02 1.230329293499539567e+00
7.309182091045522611e+02 1.330580767701114109e+00
7.313690845422711391e+02 1.542035068417984434e+00
7.318199599799899033e+02 1.763305208603732188e+00
7.322708354177087813e+02 1.882884138677222596e+00
7.327217108554276592e+02 1.913777667894767776e+00
7.331725862931465372e+02 1.852220421151819396e+00
7.336234617308654151e+02 1.636126739438634958e+00
7.340743371685842931e+02 1.435612953562936722e+00
7.345252126063030573e+02 1.371905811564697597e+00
7.349760880440219353e+02 1.356152671614015537e+00
7.354269634817408132e+02 1.347653068137554699e+00
7.358778389194596912e+02 1.336777416844819877e+00
7.363287143571785691e+02 1.319685536684703786e+00
7.367795897948974471e+02 1.293288631838886982e+00
7.372304652326163250e+02 1.258396295635226592e+00
7.376813406703350893e+02 1.227642672300136795e+00
7.381322161080539672e+02 1.215164613458080911e+00
7.385830915457728452e+02 1.219311254181728810e+00
7.390339669834917231e+02 1.234648530493716478e+00
7.394848424212106011e+02 1.260817031353036022e+00
7.399357178589294790e+02 1.299259788501022195e+00
7.403865932966482433e+02 1.346806420100733259e+00
7.408374687343671212e+02 1.393105036621082871e+00
7.412883441720859992e+02 1.428086938391174510e+00
7.417392196098048771e+02 1.449585711647988440e+00
7.421900950475237551e+02 1.461125462639433215e+00
7.426409704852426330e+02 1.466867976685710007e+00
7.430918459229613973e+02 1.469619201640087747e+00
7.435427213606802752e+02 1.470914584306268313e+00
7.439935967983991532e+02 1.471520298215293288e+00
7.444444722361180311e+02 1.471814050530536822e+00
7.448953476738369091e+02 1.473652250799893482e+00
7.453462231115557870e+02 1.639707667511063116e+00
7.457970985492745513e+02 1.925457521446075182e+00
7.462479739869934292e+02 1.930543250616602036e+00
7.466988494247123072e+02 1.930554687558529103e+00
7.471497248624311851e+02 1.930495812044910497e+00
7.476006003001500630e+02 1.930337516242981000e+00
7.480514757378689410e+02 1.929911256143820530e+00
7.485023511755877053e+02 1.928756876995351588e+00
7.489532266133065832e+02 1.925617257820315675e+00
7.494041020510254612e+02 1.917101621131274358e+00
7.498549774887443391e+02 1.894573427987094494e+00
7.503058529264632170e+02 1.839763252905272095e+00
7.507567283641820950e+02 1.731523625299244085e+00
7.512076038019008593e+02 1.585638200289110511e+00
7.516584792396197372e+02 1.462654874112592873e+00
7.521093546773386151e+02 1.389393570183156124e+00
7.525602301150574931e+02 1.349469655494521581e+00
7.530111055527763710e+02 1.324860560762784578e+00
7.534619809904952490e+02 1.306904739176265373e+00
7.539128564282140132e+02 1.292565609413506511e+00
7.543637318659328912e+02 1.282231806396799456e+00
7.548146073036517691e+02 1.284743372150884522e+00
7.552654827413706471e+02 1.301956182422664199e+00
7.557163581790895250e+02 1.308828629163667712e+00
7.561672336168084030e+02 1.309917707661452990e+00
7.566181090545272809e+02 1.310000490741203283e+00
7.570689844922460452e+02 1.309762670124068329e+00
7.575198599299649231e+02 1.308870027758782806e+00
7.579707353676838011e+02 1.306979939267626012e+00
7.584216108054026790e+02 1.309727205910071746e+00
7.588724862431215570e+02 1.329674943690310807e+00
7.593233616808404349e+02 1.358399995700946494e+00
7.597742371185591992e+02 1.384713472544884638e+00
7.602251125562780771e+02 1.403079148808342502e+00
7.606759879939969551e+02 1.406791256081737496e+00
7.611268634317158330e+02 1.392162979737572082e+00
7.615777388694347110e+02 1.367168035356881362e+00
7.620286143071535889e+02 1.348978648005411340e+00
7.624794897448723532e+02 1.347674675074021833e+00
7.629303651825912311e+02 1.359011501508100128e+00
7.633812406203101091e+02 1.371648486114754872e+00
7.638321160580289870e+02 1.377134669617579243e+00
7.642829914957478650e+02 1.376075639995743893e+00
7.647338669334667429e+02 1.373204139973405846e+00
7.651847423711855072e+02 1.370153702208100732e+00
7.656356178089043851e+02 1.364007771955175308e+00
7.660864932466232631e+02 1.349300438581542805e+00
7.665373686843421410e+02 1.334161475235576821e+00
7.669882441220610190e+02 1.328334309591152174e+00
7.674391195597798969e+02 1.327045597813077960e+00
7.678899949974986612e+02 1.327093779449493471e+00
7.683408704352175391e+02 1.328448971478824792e+00
7.687917458729364171e+02 1.333707673095209989e+00
7.692426213106552950e+02 1.345652455962292660e+00
7.696934967483741730e+02 1.357052778618224265e+00
7.701443721860930509e+02 1.363066979106049237e+00
7.705952476238118152e+02 1.367470637711028392e+00
7.710461230615306931e+02 1.373689468334737818e+00
7.714969984992495711e+02 1.386042122256855968e+00
7.719478739369684490e+02 1.413003248168551274e+00
7.723987493746873270e+02 1.464441166637549863e+00
7.728496248124062049e+02 1.533091831961854279e+00
7.733005002501249692e+02 1.587325162645925936e+00
7.737513756878438471e+02 1.603145718174628254e+00
7.742022511255627251e+02 1.573242143591491171e+00
7.746531265632816030e+02 1.507182738966355684e+00
7.751040020010004810e+02 1.441197174149269067e+00
7.755548774387193589e+02 1.391785928331992217e+00
7.760057528764381232e+02 1.337499587300774451e+00
7.764566283141570011e+02 1.255575798752779804e+00
7.769075037518758791e+02 1.159784397546674173e+00
7.773583791895947570e+02 1.089577459905982648e+00
7.778092546273136350e+02 1.054542210325865925e+00
7.782601300650325129e+02 1.040410273823222820e+00
7.787110055027513908e+02 1.035209472372034201e+00
7.791618809404701551e+02 1.033360928454008620e+00
7.796127563781890331e+02 1.032712064781343253e+00
7.800636318159079110e+02 1.032485308513885869e+00
7.805145072536267890e+02 1.032406187601530689e+00
7.809653826913456669e+02 1.032378595883277850e+00
7.814162581290645448e+02 1.032369003771885341e+00
7.818671335667833091e+02 1.032370263166430213e+00
7.823180090045021871e+02 1.033134454395194579e+00
7.827688844422210650e+02 1.126289890419099882e+00
7.832197598799399429e+02 1.377081754930292057e+00
7.836706353176588209e+02 1.382707158366046185e+00
7.841215107553776988e+02 1.382741545105754533e+00
7.845723861930964631e+02 1.382741754530966816e+00
7.850232616308153411e+02 1.382741758400962251e+00
7.854741370685342190e+02 1.382741761027352689e+00
7.859250125062530969e+02 1.382741763638803967e+00
7.863758879439719749e+02 1.382741766242730819e+00
7.868267633816908528e+02 1.382741768839203189e+00
7.872776388194096171e+02 1.382741771428246391e+00
7.877285142571284950e+02 1.382741774009887070e+00
7.881793896948473730e+02 1.382741776584149429e+00
7.886302651325662509e+02 1.382741779151057226e+00
7.890811405702851289e+02 1.382741781710509876e+00
7.895320160080040068e+02 1.382741784256475093e+00
7.899828914457227711e+02 1.382741786495979230e+00
7.904337668834416490e+02 1.382741774256292633e+00
7.908846423211605270e+02 1.382741062746542182e+00
7.913355177588794049e+02 1.382708260535734590e+00
7.917863931965982829e+02 1.382261998988751683e+00
7.922372686343171608e+02 1.382079906592835528e+00
7.926881440720359251e+02 1.382074674897911137e+00
7.931390195097548030e+02 1.382074568309489493e+00
7.935898949474736810e+02 1.382074568538193882e+00
7.940407703851925589e+02 1.382074570968596428e+00
7.944916458229114369e+02 1.382074573437636955e+00
7.949425212606303148e+02 1.382074575900623659e+00
7.953933966983490791e+02 1.382074578356654371e+00
7.958442721360679570e+02 1.382074580805733977e+00
7.962951475737868350e+02 1.382074583247886457e+00
7.967460230115057129e+02 1.382074585683132906e+00
7.971968984492245909e+02 1.382074588111334545e+00
7.976477738869434688e+02 1.382074590516654711e+00
7.980986493246623468e+02 1.382074591349433446e+00
7.985495247623811110e+02 1.382074439192426007e+00
7.990004002000999890e+02 1.382059340024539562e+00
7.994512756378188669e+02 1.380590950507674108e+00
7.999021510755377449e+02 1.283420889783805086e+00
8.003530265132566228e+02 1.082853402126108033e+00
8.008039019509755008e+02 1.076495149405664931e+00
8.012547773886942650e+02 1.076428710364146779e+00
8.017056528264131430e+02 1.076428174725771347e+00
8.021565282641320209e+02 1.076428840379064278e+00
8.026074037018508989e+02 1.076431979482351808e+00
8.030582791395697768e+02 1.076446645094474075e+00
8.035091545772886548e+02 1.076515169643908143e+00
8.039600300150074190e+02 1.076835246912039468e+00
8.044109054527262970e+02 1.078327808131849697e+00
8.048617808904451749e+02 1.085233235660600037e+00
8.053126563281640529e+02 1.116054345948143345e+00
8.057635317658829308e+02 1.234313236650857126e+00
8.062144072036018088e+02 1.513309544938278739e+00
8.066652826413205730e+02 1.778947955339162501e+00
8.071161580790394510e+02 1.883937715060304052e+00
8.075670335167583289e+02 1.910006103042991565e+00
8.080179089544772069e+02 1.911805097917374408e+00
8.084687843921960848e+02 1.887434181497282593e+00
8.089196598299149628e+02 1.765889196761371238e+00
8.093705352676337270e+02 1.528138485075833275e+00
8.098214107053526050e+02 1.404620177899295053e+00
8.102722861430714829e+02 1.376682653260989930e+00
8.107231615807903609e+02 1.370194999394159563e+00
8.111740370185092388e+02 1.367215814400349450e+00
8.116249124562281168e+02 1.364775920273099796e+00
8.120757878939468810e+02 1.362334068345701255e+00
8.125266633316657590e+02 1.358944597022384793e+00
8.129775387693846369e+02 1.346281831450343969e+00
8.134284142071035149e+02 1.270685417751943547e+00
8.138792896448223928e+02 1.119172429566406501e+00
8.143301650825412707e+02 1.068258598673702320e+00
8.147810405202600350e+02 1.062474283848962475e+00
8.152319159579789130e+02 1.063547390369485868e+00
8.156827913956977909e+02 1.068543884079302009e+00
8.161336668334166689e+02 1.082350218966540822e+00
8.165845422711355468e+02 1.113559401282697703e+00
8.170354177088544247e+02 1.161542920444724958e+00
8.174862931465731890e+02 1.204382634052428180e+00
8.179371685842920670e+02 1.227638150141038054e+00
8.183880440220109449e+02 1.236989786299710348e+00
8.188389194597298228e+02 1.240286406693399401e+00
8.192897948974487008e+02 1.241393647891602559e+00
8.197406703351675787e+02 1.241760933001979206e+00
8.201915457728864567e+02 1.241928505279610739e+00
8.206424212106052209e+02 1.243441476155258574e+00
8.210932966483240989e+02 1.285577708635703420e+00
8.215441720860429768e+02 1.629806857909420259e+00
8.219950475237618548e+02 1.761169925361203203e+00
8.224459229614807327e+02 1.766868389852185750e+00
8.228967983991996107e+02 1.767034146317943533e+00
8.233476738369183749e+02 1.766960244550530801e+00
8.237985492746372529e+02 1.766629797859571971e+00
8.242494247123561308e+02 1.765264056523175196e+00
8.247003001500750088e+02 1.759681429183799217e+00
8.251511755877938867e+02 1.737803220352696743e+00
8.256020510255127647e+02 1.664433845260079092e+00
8.260529264632315289e+02 1.507259810195807237e+00
8.265038019009504069e+02 1.354995626940570741e+00
8.269546773386692848e+02 1.287128178897399611e+00
8.274055527763881628e+02 1.267266591133109133e+00
8.278564282141070407e+02 1.262225656941299290e+00
8.283073036518259187e+02 1.260994098044512679e+00
8.287581790895446829e+02 1.260696043695710422e+00
8.292090545272635609e+02 1.260624076589570874e+00
8.296599299649824388e+02 1.260606710176929379e+00
8.301108054027013168e+02 1.260602520906387580e+00
8.305616808404201947e+02 1.260601511230993621e+00
8.310125562781390727e+02 1.260601268746931902e+00
8.314634317158578369e+02 1.260601211371166874e+00
8.319143071535767149e+02 1.260601198655994626e+00
8.323651825912955928e+02 1.260601196713645455e+00
8.328160580290144708e+02 1.260601197367559712e+00
8.332669334667333487e+02 1.260601198644876186e+00
8.337178089044522267e+02 1.260601200069584982e+00
8.341686843421709909e+02 1.260601201526842630e+00
8.346195597798898689e+02 1.260601202988949288e+00
8.350704352176087468e+02 1.260601204449230739e+00
8.355213106553276248e+02 1.260601205906086708e+00
8.359721860930465027e+02 1.260601207359140830e+00
8.364230615307653807e+02 1.260601208808311169e+00
8.368739369684841449e+02 1.260601210253587956e+00
8.373248124062030229e+02 1.260601211694978740e+00
8.377756878439219008e+02 1.260601213132493958e+00
8.382265632816407788e+02 1.260601214566146711e+00
8.386774387193596567e+02 1.260601215995948987e+00
8.391283141570785347e+02 1.260601217421912779e+00
8.395791895947972989e+02 1.260601218844050742e+00
8.400300650325161769e+02 1.260601220262375532e+00
8.404809404702350548e+02 1.260601221676898698e+00
8.409318159079539328e+02 1.260601223087633338e+00
8.413826913456728107e+02 1.260601224494590777e+00
8.418335667833916887e+02 1.260601225897783673e+00
8.422844422211105666e+02 1.260601227297223792e+00
8.427353176588293309e+02 1.260601228692923126e+00
8.431861930965482088e+02 1.260601230084894109e+00
8.436370685342670868e+02 1.260601231473148953e+00
8.440879439719859647e+02 1.260601232857698539e+00
8.445388194097048427e+02 1.260601234238554857e+00
8.449896948474237206e+02 1.260601235615730342e+00
8.454405702851424849e+02 1.260601236989236762e+00
8.458914457228613628e+02 1.260601238359085663e+00
8.463423211605802408e+02 1.260601239725288369e+00
8.467931965982991187e+02 1.260601241087856872e+00
8.472440720360179967e+02 1.260601242446802495e+00
8.476949474737368746e+02 1.260601243802137450e+00
8.481458229114556389e+02 1.260601245153872396e+00
8.485966983491745168e+02 1.260601246502019324e+00
8.490475737868933948e+02 1.260601247846589557e+00
8.494984492246122727e+02 1.260601249187594641e+00
8.499493246623311506e+02 1.260601250525045458e+00
8.504002001000500286e+02 1.260601251858953775e+00
8.508510755377687929e+02 1.260601253189330473e+00
8.513019509754876708e+02 1.260601254516186875e+00
8.517528264132065488e+02 1.260601255839534529e+00
8.522037018509254267e+02 1.260601257159383870e+00
8.526545772886443046e+02 1.260601258475746445e+00
8.531054527263631826e+02 1.260601259788633133e+00
8.535563281640819469e+02 1.260601261098055481e+00
8.540072036018008248e+02 1.260601262404023704e+00
8.544580790395197027e+02 1.260601263706549124e+00
8.549089544772385807e+02 1.260601265005642624e+00
8.553598299149574586e+02 1.260601266301314416e+00
8.558107053526763366e+02 1.260601267593576269e+00
8.562615807903951008e+02 1.260601268882438619e+00
8.567124562281139788e+02 1.260601270167911903e+00
8.571633316658328567e+02 1.260601271450007221e+00
8.576142071035517347e+02 1.260601272728734790e+00
8.580650825412706126e+02 1.260601274004105488e+00
8.585159579789894906e+02 1.260601275276129751e+00
8.589668334167082548e+02 1.260601276544818461e+00
8.594177088544271328e+02 1.260601277810181386e+00
8.598685842921460107e+02 1.260601279072230074e+00
8.603194597298648887e+02 1.260601280330973850e+00
8.607703351675837666e+02 1.260601281586423594e+00
8.612212106053026446e+02 1.260601282838589743e+00
8.616720860430215225e+02 1.260601284087482066e+00
8.621229614807402868e+02 1.260601285333111221e+00
8.625738369184591647e+02 1.260601286575487867e+00
8.630247123561780427e+02 1.260601287814691052e+00
8.634755877938969206e+02 1.260590561693728517e+00
8.639264632316157986e+02 nan
8.643773386693346765e+02 nan
8.648282141070534408e+02 nan
8.652790895447723187e+02 nan
8.657299649824911967e+02 nan
8.661808404202100746e+02 nan
8.666317158579289526e+02 nan
8.670825912956478305e+02 nan
8.675334667333665948e+02 nan
8.679843421710854727e+02 nan
8.684352176088043507e+02 nan
8.688860930465232286e+02 nan
8.693369684842421066e+02 nan
8.697878439219609845e+02 nan
8.702387193596797488e+02 nan
8.706895947973986267e+02 nan
8.711404702351175047e+02 nan
8.715913456728363826e+02 nan
8.720422211105552606e+02 nan
8.724930965482741385e+02 nan
8.729439719859929028e+02 nan
8.733948474237117807e+02 nan
8.738457228614306587e+02 nan
8.742965982991495366e+02 nan
8.747474737368684146e+02 nan
8.751983491745872925e+02 nan
8.756492246123060568e+02 nan
8.761001000500249347e+02 nan
8.765509754877438127e+02 nan
8.770018509254626906e+02 nan
8.774527263631815686e+02 nan
8.779036018009004465e+02 nan
8.783544772386192108e+02 nan
8.788053526763380887e+02 nan
8.792562281140569667e+02 nan
8.797071035517758446e+02 nan
8.801579789894947226e+02 nan
8.806088544272136005e+02 nan
8.810597298649323648e+02 nan
8.815106053026512427e+02 nan
8.819614807403701207e+02 nan
8.824123561780889986e+02 nan
8.828632316158078766e+02 nan
8.833141070535267545e+02 nan
8.837649824912456324e+02 nan
8.842158579289643967e+02 nan
8.846667333666832747e+02 nan
8.851176088044021526e+02 nan
8.855684842421210305e+02 nan
8.860193596798399085e+02 nan
8.864702351175587864e+02 nan
8.869211105552775507e+02 nan
8.873719859929964286e+02 nan
8.878228614307153066e+02 nan
8.882737368684341845e+02 nan
8.887246123061530625e+02 nan
8.891754877438719404e+02 nan
8.896263631815907047e+02 nan
8.900772386193095826e+02 nan
8.905281140570284606e+02 nan
8.909789894947473385e+02 nan
8.914298649324662165e+02 nan
8.918807403701850944e+02 nan
8.923316158079038587e+02 nan
8.927824912456227366e+02 nan
8.932333666833416146e+02 nan
8.936842421210604925e+02 nan
8.941351175587793705e+02 nan
8.945859929964982484e+02 nan
8.950368684342170127e+02 nan
8.954877438719358906e+02 nan
8.959386193096547686e+02 nan
8.963894947473736465e+02 nan
8.968403701850925245e+02 nan
8.972912456228114024e+02 nan
8.977421210605301667e+02 nan
8.981929964982490446e+02 nan
8.986438719359679226e+02 nan
8.990947473736868005e+02 nan
8.995456228114056785e+02 nan
8.999964982491245564e+02 nan
9.004473736868433207e+02 nan
9.008982491245621986e+02 nan
9.013491245622810766e+02 nan
9.017999999999999545e+02 nan
